Supplemental results for CODEML (seqf: ../lysc_aln.phy  treef: ../lysc_tree.nwk)

I	J	ij	2Ns_IJ	pMut_IJ	pSub_IJ	2Ns_JI	pMut_JI	pSub_JI

TTC	TTT	CT	-0.87164	0.06680	0.04186	0.87164	0.02794	0.04186	0.04186	0.04186
TTA	TTT	AT	0.98709	0.01173	0.01846	-0.98709	0.03149	0.01846	0.00184	0.00184
TTA	TTC	AC	1.85873	0.01101	0.02423	-1.85873	0.07061	0.02423	0.00242	0.00242
TTG	TTT	GT	-1.99557	0.07573	0.02378	1.99557	0.01029	0.02378	0.00237	0.00237
TTG	TTC	GC	-1.12393	0.07103	0.03844	1.12393	0.02309	0.03844	0.00383	0.00383
TTG	TTA	GA	-2.98266	0.31972	0.05089	2.98266	0.01620	0.05089	0.05089	0.05089
TCT	TTT	CT	-1.00304	0.07618	0.04426	1.00304	0.02794	0.04426	0.00441	0.00441
TCC	TTC	CT	-0.50613	0.10394	0.07985	0.50613	0.06266	0.07985	0.00796	0.00796
TCC	TCT	CT	-0.37474	0.10394	0.08568	0.37474	0.07146	0.08568	0.08568	0.08568
TCA	TTA	CT	0.08115	0.02028	0.02112	-0.08115	0.02200	0.02112	0.00211	0.00211
TCA	TCT	AT	2.07128	0.01015	0.02405	-2.07128	0.08052	0.02405	0.02405	0.02405
TCA	TCC	AC	2.44601	0.00952	0.02549	-2.44601	0.10987	0.02549	0.02549	0.02549
TCG	TTG	CT	1.51165	0.03131	0.06072	-1.51165	0.14196	0.06072	0.00605	0.00605
TCG	TCT	GT	0.51911	0.01567	0.02008	-0.51911	0.02633	0.02008	0.02008	0.02008
TCG	TCC	GC	0.89385	0.01469	0.02223	-0.89385	0.03592	0.02223	0.02223	0.02223
TCG	TCA	GA	-1.55216	0.06614	0.02758	1.55216	0.01401	0.02758	0.02758	0.02758
TAT	TTT	AT	0.04623	0.03006	0.03076	-0.04623	0.03149	0.03076	0.00307	0.00307
TAT	TCT	AC	1.04927	0.02820	0.04553	-1.04927	0.08052	0.04553	0.00454	0.00454
TAC	TTC	AT	0.41519	0.04662	0.05696	-0.41519	0.07061	0.05696	0.00568	0.00568
TAC	TCC	AC	0.92132	0.04373	0.06692	-0.92132	0.10987	0.06692	0.00667	0.00667
TAC	TAT	CT	-0.50269	0.09317	0.07170	0.50269	0.05636	0.07170	0.07170	0.07170
TGT	TTT	GT	-1.71179	0.05702	0.02150	1.71179	0.01029	0.02150	0.00214	0.00214
TGT	TCT	GC	-0.70875	0.05348	0.03675	0.70875	0.02633	0.03675	0.00366	0.00366
TGT	TAT	GA	-1.75803	0.24072	0.08815	1.75803	0.04150	0.08815	0.00879	0.00879
TGC	TTC	GT	-0.39446	0.03425	0.02794	0.39446	0.02309	0.02794	0.00279	0.00279
TGC	TCC	GC	0.11167	0.03213	0.03395	-0.11167	0.03592	0.03395	0.00338	0.00338
TGC	TAC	GA	-0.80965	0.14459	0.09387	0.80965	0.06435	0.09387	0.00936	0.00936
TGC	TGT	CT	0.44569	0.06845	0.08483	-0.44569	0.10689	0.08483	0.08483	0.08483
TGG	TTG	GT	-0.08409	0.05689	0.05453	0.08409	0.05230	0.05453	0.00544	0.00544
TGG	TCG	GC	-1.59573	0.05336	0.02166	1.59573	0.01082	0.02166	0.00216	0.00216
TGG	TGT	GT	-0.36787	0.05689	0.04707	0.36787	0.03938	0.04707	0.00469	0.00469
TGG	TGC	GC	-0.81355	0.05336	0.03457	0.81355	0.02366	0.03457	0.00345	0.00345
CTT	TTT	CT	1.99436	0.00380	0.00878	-1.99436	0.02794	0.00878	0.00088	0.00088
CTC	TTC	CT	3.63822	0.00165	0.00616	-3.63822	0.06266	0.00616	0.00061	0.00061
CTC	CTT	CT	0.77222	0.00165	0.00237	-0.77222	0.00357	0.00237	0.00237	0.00237
CTA	TTA	CT	1.82412	0.00355	0.00772	-1.82412	0.02200	0.00772	0.00772	0.00772
CTA	CTT	AT	0.81685	0.00178	0.00260	-0.81685	0.00402	0.00260	0.00260	0.00260
CTA	CTC	AC	0.04463	0.00167	0.00170	-0.04463	0.00174	0.00170	0.00170	0.00170
CTG	TTG	CT	3.05074	0.00672	0.02151	-3.05074	0.14196	0.02151	0.02151	0.02151
CTG	CTT	GT	-0.93919	0.00336	0.00203	0.93919	0.00131	0.00203	0.00203	0.00203
CTG	CTC	GC	-1.71141	0.00315	0.00119	1.71141	0.00057	0.00119	0.00119	0.00119
CTG	CTA	GA	-1.75604	0.01419	0.00520	1.75604	0.00245	0.00520	0.00520	0.00520
CCT	TCT	CT	0.52943	0.04208	0.05420	-0.52943	0.07146	0.05420	0.00540	0.00540
CCT	CTT	CT	-2.46797	0.04208	0.00962	2.46797	0.00357	0.00962	0.00096	0.00096
CCC	TCC	CT	0.57917	0.05463	0.07197	-0.57917	0.09749	0.07197	0.00718	0.00718
CCC	CTC	CT	-3.56519	0.05463	0.00567	3.56519	0.00155	0.00567	0.00057	0.00057
CCC	CCT	CT	-0.32500	0.05463	0.04623	0.32500	0.03947	0.04623	0.04623	0.04623
CCA	TCA	CT	0.03441	0.01838	0.01870	-0.03441	0.01902	0.01870	0.00186	0.00186
CCA	CTA	CT	-1.70856	0.01838	0.00695	1.70856	0.00333	0.00695	0.00069	0.00069
CCA	CCT	AT	1.57626	0.00920	0.01827	-1.57626	0.04448	0.01827	0.01827	0.01827
CCA	CCC	AC	1.90126	0.00863	0.01928	-1.90126	0.05775	0.01928	0.01928	0.01928
CCG	TCG	CT	1.78180	0.00494	0.01059	-1.78180	0.02937	0.01059	0.00106	0.00106
CCG	CTG	CT	0.24270	0.00494	0.00557	-0.24270	0.00630	0.00557	0.00056	0.00056
CCG	CCT	GT	1.77148	0.00247	0.00528	-1.77148	0.01454	0.00528	0.00528	0.00528
CCG	CCC	GC	2.09648	0.00232	0.00555	-2.09648	0.01888	0.00555	0.00555	0.00555
CCG	CCA	GA	0.19522	0.01044	0.01150	-0.19522	0.01269	0.01150	0.01150	0.01150
CAT	TAT	CT	0.82932	0.02459	0.03618	-0.82932	0.05636	0.03618	0.00361	0.00361
CAT	CTT	AT	-1.11880	0.01230	0.00668	1.11880	0.00402	0.00668	0.00067	0.00067
CAT	CCT	AC	1.34916	0.01154	0.02103	-1.34916	0.04448	0.02103	0.00210	0.00210
CAC	TAC	CT	1.69956	0.01597	0.03321	-1.69956	0.08739	0.03321	0.00331	0.00331
CAC	CTC	AT	-1.52348	0.00799	0.00339	1.52348	0.00174	0.00339	0.00034	0.00034
CAC	CCC	AC	2.04171	0.00750	0.01759	-2.04171	0.05775	0.01759	0.00175	0.00175
CAC	CAT	CT	0.36755	0.01597	0.01909	-0.36755	0.02307	0.01909	0.01909	0.01909
CAA	CTA	AT	-2.51161	0.04624	0.01025	2.51161	0.00375	0.01025	0.00102	0.00102
CAA	CCA	AC	-0.80306	0.04337	0.02826	0.80306	0.01943	0.02826	0.00282	0.00282
CAA	CAT	AT	-0.57596	0.04624	0.03419	0.57596	0.02599	0.03419	0.00341	0.00341
CAA	CAC	AC	-0.94351	0.04337	0.02608	0.94351	0.01688	0.02608	0.00260	0.00260
CAG	CTG	AT	-0.12604	0.00806	0.00756	0.12604	0.00710	0.00756	0.00075	0.00075
CAG	CCG	AC	-0.36874	0.00756	0.00625	0.36874	0.00523	0.00625	0.00062	0.00062
CAG	CAT	GT	0.05358	0.00806	0.00827	-0.05358	0.00850	0.00827	0.00082	0.00082
CAG	CAC	GC	-0.31397	0.00756	0.00643	0.31397	0.00552	0.00643	0.00064	0.00064
CAG	CAA	GA	0.62954	0.03401	0.04583	-0.62954	0.06382	0.04583	0.04583	0.04583
CGT	TGT	CT	0.61916	0.05755	0.07719	-0.61916	0.10689	0.07719	0.00770	0.00770
CGT	CTT	GT	-3.08699	0.02880	0.00425	3.08699	0.00131	0.00425	0.00042	0.00042
CGT	CCT	GC	-0.61903	0.02701	0.01951	0.61903	0.01454	0.01951	0.00194	0.00194
CGT	CAT	GA	-1.96819	0.12157	0.03886	1.96819	0.01698	0.03886	0.00387	0.00387
CGC	TGC	CT	0.49420	0.03917	0.04964	-0.49420	0.06420	0.04964	0.00495	0.00495
CGC	CTC	GT	-3.53849	0.01960	0.00208	3.53849	0.00057	0.00208	0.00021	0.00021
CGC	CCC	GC	0.02670	0.01838	0.01863	-0.02670	0.01888	0.01863	0.00186	0.00186
CGC	CAC	GA	-2.01501	0.08274	0.02565	2.01501	0.01103	0.02565	0.00256	0.00256
CGC	CGT	CT	0.32073	0.03917	0.04578	-0.32073	0.05398	0.04578	0.04578	0.04578
CGA	CTA	GT	0.39716	0.00082	0.00100	-0.39716	0.00123	0.00100	0.00010	0.00010
CGA	CCA	GC	2.10572	0.00077	0.00185	-2.10572	0.00635	0.00185	0.00018	0.00018
CGA	CAA	GA	2.90877	0.00348	0.01071	-2.90877	0.06382	0.01071	0.00107	0.00107
CGA	CGT	AT	4.30100	0.00082	0.00360	-4.30100	0.06083	0.00360	0.00360	0.00360
CGA	CGC	AC	3.98028	0.00077	0.00314	-3.98028	0.04140	0.00314	0.00314	0.00314
CGG	TGG	CT	3.84466	0.00228	0.00896	-3.84466	0.10665	0.00896	0.00089	0.00089
CGG	CTG	GT	0.70983	0.00114	0.00159	-0.70983	0.00232	0.00159	0.00016	0.00016
CGG	CCG	GC	0.46712	0.00107	0.00134	-0.46712	0.00171	0.00134	0.00013	0.00013
CGG	CAG	GA	0.83587	0.00482	0.00711	-0.83587	0.01112	0.00711	0.00071	0.00071
CGG	CGT	GT	2.85763	0.00114	0.00346	-2.85763	0.01989	0.00346	0.00346	0.00346
CGG	CGC	GC	2.53690	0.00107	0.00295	-2.53690	0.01354	0.00295	0.00295	0.00295
CGG	CGA	GA	-1.44337	0.00482	0.00215	1.44337	0.00114	0.00215	0.00215	0.00215
ATT	TTT	AT	-0.20109	0.03850	0.03476	0.20109	0.03149	0.03476	0.00347	0.00347
ATT	CTT	AC	-2.19545	0.03611	0.00993	2.19545	0.00402	0.00993	0.00099	0.00099
ATC	TTC	AT	1.05663	0.02455	0.03976	-1.05663	0.07061	0.03976	0.00396	0.00396
ATC	CTC	AC	-2.58159	0.02302	0.00486	2.58159	0.00174	0.00486	0.00048	0.00048
ATC	ATT	CT	0.38608	0.04905	0.05913	-0.38608	0.07217	0.05913	0.05913	0.05913
ATA	TTA	AT	1.80933	0.00406	0.00878	-1.80933	0.02479	0.00878	0.00088	0.00088
ATA	CTA	AC	-0.01479	0.00381	0.00378	0.01479	0.00375	0.00378	0.00038	0.00038
ATA	ATT	AT	2.99750	0.00406	0.01281	-2.99750	0.08133	0.01281	0.01281	0.01281
ATA	ATC	AC	2.61143	0.00381	0.01073	-2.61143	0.05185	0.01073	0.01073	0.01073
ATG	TTG	AT	2.30349	0.01598	0.04090	-2.30349	0.15998	0.04090	0.00408	0.00408
ATG	CTG	AC	-0.74725	0.01499	0.01008	0.74725	0.00710	0.01008	0.00101	0.00101
ATG	ATT	GT	0.50901	0.01598	0.02039	-0.50901	0.02659	0.02039	0.00203	0.00203
ATG	ATC	GC	0.12293	0.01499	0.01593	-0.12293	0.01695	0.01593	0.00159	0.00159
ATG	ATA	GA	-2.48850	0.06748	0.01521	2.48850	0.00560	0.01521	0.00152	0.00152
ACT	TCT	AT	1.00227	0.02956	0.04680	-1.00227	0.08052	0.04680	0.00467	0.00467
ACT	CCT	AC	0.47283	0.02772	0.03479	-0.47283	0.04448	0.03479	0.00347	0.00347
ACT	ATT	CT	0.20032	0.05907	0.06518	-0.20032	0.07217	0.06518	0.00650	0.00650
ACC	TCC	AT	1.00669	0.04015	0.06369	-1.00669	0.10987	0.06369	0.00635	0.00635
ACC	CCC	AC	0.42752	0.03766	0.04628	-0.42752	0.05775	0.04628	0.00461	0.00461
ACC	ATC	CT	-0.55607	0.08024	0.05998	0.55607	0.04601	0.05998	0.00598	0.00598
ACC	ACT	CT	-0.37031	0.08024	0.06630	0.37031	0.05540	0.06630	0.06630	0.06630
ACA	TCA	AT	1.31217	0.00577	0.01036	-1.31217	0.02144	0.01036	0.00103	0.00103
ACA	CCA	AC	1.27776	0.00541	0.00959	-1.27776	0.01943	0.00959	0.00096	0.00096
ACA	ATA	CT	-0.41600	0.01153	0.00930	0.41600	0.00761	0.00930	0.00093	0.00093
ACA	ACT	AT	2.38118	0.00577	0.01514	-2.38118	0.06244	0.01514	0.01514	0.01514
ACA	ACC	AC	2.75149	0.00541	0.01591	-2.75149	0.08481	0.01591	0.01591	0.01591
ACG	TCG	AT	2.82326	0.00197	0.00590	-2.82326	0.03309	0.00590	0.00059	0.00059
ACG	CCG	AC	1.04146	0.00184	0.00297	-1.04146	0.00523	0.00297	0.00030	0.00030
ACG	ATG	CT	2.03141	0.00393	0.00919	-2.03141	0.02996	0.00919	0.00092	0.00092
ACG	ACT	GT	2.34010	0.00197	0.00509	-2.34010	0.02041	0.00509	0.00509	0.00509
ACG	ACC	GC	2.71042	0.00184	0.00535	-2.71042	0.02773	0.00535	0.00535	0.00535
ACG	ACA	GA	-0.04108	0.00830	0.00813	0.04108	0.00797	0.00813	0.00813	0.00813
AAT	TAT	AT	0.28235	0.04789	0.05496	-0.28235	0.06351	0.05496	0.00548	0.00548
AAT	CAT	AC	-0.54698	0.04492	0.03375	0.54698	0.02599	0.03375	0.00336	0.00336
AAT	ATT	AT	0.52967	0.04789	0.06168	-0.52967	0.08133	0.06168	0.00615	0.00615
AAT	ACT	AC	0.32935	0.04492	0.05272	-0.32935	0.06244	0.05272	0.00526	0.00526
AAC	TAC	AT	0.59546	0.05429	0.07205	-0.59546	0.09848	0.07205	0.00718	0.00718
AAC	CAC	AC	-1.10410	0.05092	0.02788	1.10410	0.01688	0.02788	0.00278	0.00278
AAC	ATC	AT	-0.04599	0.05429	0.05305	0.04599	0.05185	0.05305	0.00529	0.00529
AAC	ACC	AC	0.51008	0.05092	0.06501	-0.51008	0.08481	0.06501	0.00648	0.00648
AAC	AAT	CT	-0.18958	0.10850	0.09854	0.18958	0.08977	0.09854	0.09854	0.09854
AAA	CAA	AC	0.98356	0.03653	0.05739	-0.98356	0.09767	0.05739	0.00572	0.00572
AAA	ATA	AT	-1.51326	0.03894	0.01664	1.51326	0.00857	0.01664	0.00166	0.00166
AAA	ACA	AC	-1.09725	0.03653	0.02008	1.09725	0.01219	0.02008	0.00200	0.00200
AAA	AAT	AT	0.95458	0.03894	0.06044	-0.95458	0.10116	0.06044	0.00603	0.00603
AAA	AAC	AC	1.14416	0.03653	0.06133	-1.14416	0.11469	0.06133	0.00611	0.00611
AAG	CAG	AC	-0.69132	0.03397	0.02357	0.69132	0.01702	0.02357	0.00235	0.00235
AAG	ATG	AT	-0.07010	0.03622	0.03496	0.07010	0.03376	0.03496	0.00349	0.00349
AAG	ACG	AC	-2.10152	0.03397	0.00994	2.10152	0.00415	0.00994	0.00099	0.00099
AAG	AAT	GT	-0.09077	0.03622	0.03460	0.09077	0.03307	0.03460	0.00345	0.00345
AAG	AAC	GC	0.09881	0.03397	0.03568	-0.09881	0.03750	0.03568	0.00356	0.00356
AAG	AAA	GA	-1.04534	0.15290	0.08666	1.04534	0.05375	0.08666	0.08666	0.08666
AGT	TGT	AT	1.99618	0.01636	0.03780	-1.99618	0.12045	0.03780	0.00377	0.00377
AGT	CGT	AC	1.37702	0.01535	0.02827	-1.37702	0.06083	0.02827	0.00282	0.00282
AGT	ATT	GT	0.48547	0.01636	0.02066	-0.48547	0.02659	0.02066	0.00206	0.00206
AGT	ACT	GC	0.28516	0.01535	0.01764	-0.28516	0.02041	0.01764	0.00176	0.00176
AGT	AAT	GA	-0.04419	0.06908	0.06757	0.04419	0.06610	0.06757	0.00674	0.00674
AGC	TGC	AT	0.93687	0.02835	0.04368	-0.93687	0.07235	0.04368	0.00435	0.00435
AGC	CGC	AC	0.44267	0.02659	0.03291	-0.44267	0.04140	0.03291	0.00328	0.00328
AGC	ATC	GT	-0.51423	0.02835	0.02168	0.51423	0.01695	0.02168	0.00216	0.00216
AGC	ACC	GC	0.04185	0.02659	0.02715	-0.04185	0.02773	0.02715	0.00271	0.00271
AGC	AAC	GA	-0.46824	0.11969	0.09385	0.46824	0.07494	0.09385	0.00936	0.00936
AGC	AGT	CT	-0.61363	0.05666	0.04104	0.61363	0.03067	0.04104	0.04104	0.04104
AGA	CGA	AC	-1.18752	0.00571	0.00298	1.18752	0.00174	0.00298	0.00298	0.00298
AGA	ATA	GT	-0.77556	0.00609	0.00403	0.77556	0.00280	0.00403	0.00040	0.00040
AGA	ACA	GC	-0.35956	0.00571	0.00475	0.35956	0.00399	0.00475	0.00047	0.00047
AGA	AAA	GA	0.73770	0.02571	0.03634	-0.73770	0.05375	0.03634	0.00362	0.00362
AGA	AGT	AT	1.73647	0.00609	0.01283	-1.73647	0.03457	0.01283	0.00128	0.00128
AGA	AGC	AC	2.35009	0.00571	0.01484	-2.35009	0.05989	0.01484	0.00148	0.00148
AGG	TGG	AT	3.76272	0.00279	0.01075	-3.76272	0.12018	0.01075	0.00107	0.00107
AGG	CGG	AC	-0.08193	0.00262	0.00251	0.08193	0.00241	0.00251	0.00251	0.00251
AGG	ATG	GT	1.37515	0.00279	0.00514	-1.37515	0.01104	0.00514	0.00051	0.00051
AGG	ACG	GC	-0.65627	0.00262	0.00185	0.65627	0.00136	0.00185	0.00018	0.00018
AGG	AAG	GA	1.44525	0.01178	0.02228	-1.44525	0.04999	0.02228	0.00222	0.00222
AGG	AGT	GT	1.39868	0.00279	0.00518	-1.39868	0.01130	0.00518	0.00052	0.00052
AGG	AGC	GC	2.01230	0.00262	0.00608	-2.01230	0.01958	0.00608	0.00061	0.00061
AGG	AGA	GA	-0.33779	0.01178	0.00990	0.33779	0.00840	0.00990	0.00990	0.00990
GTT	TTT	GT	-0.87151	0.02461	0.01542	0.87151	0.01029	0.01542	0.00154	0.00154
GTT	CTT	GC	-2.86587	0.02308	0.00399	2.86587	0.00131	0.00399	0.00040	0.00040
GTT	ATT	GA	-0.67043	0.10389	0.07293	0.67043	0.05314	0.07293	0.00727	0.00727
GTC	TTC	GT	1.03729	0.00818	0.01315	-1.03729	0.02309	0.01315	0.00131	0.00131
GTC	CTC	GC	-2.60093	0.00767	0.00160	2.60093	0.00057	0.00160	0.00016	0.00016
GTC	ATC	GA	-0.01934	0.03454	0.03421	0.01934	0.03388	0.03421	0.00341	0.00341
GTC	GTT	CT	1.03717	0.01635	0.02627	-1.03717	0.04613	0.02627	0.02627	0.02627
GTA	TTA	GT	-0.65100	0.01554	0.01103	0.65100	0.00810	0.01103	0.00110	0.00110
GTA	CTA	GC	-2.47512	0.01458	0.00331	2.47512	0.00123	0.00331	0.00033	0.00033
GTA	ATA	GA	-2.46033	0.06560	0.01507	2.46033	0.00560	0.01507	0.00150	0.00150
GTA	GTT	AT	1.20760	0.01554	0.02677	-1.20760	0.05199	0.02677	0.02677	0.02677
GTA	GTC	AC	0.17044	0.01458	0.01585	-0.17044	0.01728	0.01585	0.01585	0.01585
GTG	TTG	GT	1.36786	0.01332	0.02444	-1.36786	0.05230	0.02444	0.00244	0.00244
GTG	CTG	GC	-1.68288	0.01249	0.00480	1.68288	0.00232	0.00480	0.00048	0.00048
GTG	ATG	GA	-0.93563	0.05623	0.03397	0.93563	0.02206	0.03397	0.00339	0.00339
GTG	GTT	GT	0.24380	0.01332	0.01501	-0.24380	0.01700	0.01501	0.01501	0.01501
GTG	GTC	GC	-0.79336	0.01249	0.00819	0.79336	0.00565	0.00819	0.00819	0.00819
GTG	GTA	GA	-0.96380	0.05623	0.03342	0.96380	0.02145	0.03342	0.03342	0.03342
GCT	TCT	GT	-0.69893	0.05296	0.03659	0.69893	0.02633	0.03659	0.00365	0.00365
GCT	CCT	GC	-1.22836	0.04968	0.02526	1.22836	0.01454	0.02526	0.00252	0.00252
GCT	ACT	GA	-1.70120	0.22359	0.08489	1.70120	0.04080	0.08489	0.00846	0.00846
GCT	GTT	CT	-0.83045	0.10584	0.06791	0.83045	0.04613	0.06791	0.00677	0.00677
GCC	TCC	GT	-0.42467	0.05493	0.04409	0.42467	0.03592	0.04409	0.00440	0.00440
GCC	CCC	GC	-1.00384	0.05152	0.02992	1.00384	0.01888	0.02992	0.00298	0.00298
GCC	ACC	GA	-1.43136	0.23189	0.10423	1.43136	0.05542	0.10423	0.01039	0.01039
GCC	GTC	CT	-1.96810	0.10977	0.03509	1.96810	0.01534	0.03509	0.00350	0.00350
GCC	GCT	CT	-0.10048	0.10977	0.10435	0.10048	0.09928	0.10435	0.10435	0.10435
GCA	TCA	GT	-0.03112	0.00723	0.00712	0.03112	0.00701	0.00712	0.00071	0.00071
GCA	CCA	GC	-0.06553	0.00678	0.00656	0.06553	0.00635	0.00656	0.00065	0.00065
GCA	ACA	GA	-1.34329	0.03053	0.01448	1.34329	0.00797	0.01448	0.00144	0.00144
GCA	GTA	CT	0.70103	0.01445	0.02010	-0.70103	0.02913	0.02010	0.00200	0.00200
GCA	GCT	AT	2.73909	0.00723	0.02117	-2.73909	0.11188	0.02117	0.02117	0.02117
GCA	GCC	AC	2.83957	0.00678	0.02045	-2.83957	0.11603	0.02045	0.02045	0.02045
GCG	TCG	GT	2.14356	0.00127	0.00308	-2.14356	0.01082	0.00308	0.00031	0.00031
GCG	CCG	GC	0.36176	0.00119	0.00142	-0.36176	0.00171	0.00142	0.00014	0.00014
GCG	ACG	GA	-0.67970	0.00536	0.00374	0.67970	0.00271	0.00374	0.00037	0.00037
GCG	GTG	CT	2.28735	0.00254	0.00645	-2.28735	0.02497	0.00645	0.00064	0.00064
GCG	GCT	GT	3.36161	0.00127	0.00442	-3.36161	0.03658	0.00442	0.00442	0.00442
GCG	GCC	GC	3.46209	0.00119	0.00425	-3.46209	0.03794	0.00425	0.00425	0.00425
GCG	GCA	GA	0.62252	0.00536	0.00719	-0.62252	0.00998	0.00719	0.00719	0.00719
GAT	TAT	GT	-0.90345	0.05125	0.03154	0.90345	0.02076	0.03154	0.00314	0.00314
GAT	CAT	GC	-1.73277	0.04807	0.01789	1.73277	0.00850	0.01789	0.00178	0.00178
GAT	AAT	GA	-1.18579	0.21636	0.11286	1.18579	0.06610	0.11286	0.01125	0.01125
GAT	GTT	AT	0.01430	0.05125	0.05161	-0.01430	0.05199	0.05161	0.00515	0.00515
GAT	GCT	AC	0.84475	0.04807	0.07120	-0.84475	0.11188	0.07120	0.00710	0.00710
GAC	TAC	GT	0.62397	0.01725	0.02319	-0.62397	0.03220	0.02319	0.00231	0.00231
GAC	CAC	GC	-1.07559	0.01618	0.00901	1.07559	0.00552	0.00901	0.00090	0.00090
GAC	AAC	GA	0.02852	0.07283	0.07388	-0.02852	0.07494	0.07388	0.00737	0.00737
GAC	GTC	AT	0.00187	0.01725	0.01727	-0.00187	0.01728	0.01727	0.00172	0.00172
GAC	GCC	AC	1.96997	0.01618	0.03704	-1.96997	0.11603	0.03704	0.00369	0.00369
GAC	GAT	CT	1.02473	0.03448	0.05511	-1.02473	0.09607	0.05511	0.05511	0.05511
GAA	CAA	GC	-0.20815	0.03932	0.03537	0.20815	0.03193	0.03537	0.00353	0.00353
GAA	AAA	GA	-1.19171	0.17699	0.09200	1.19171	0.05375	0.09200	0.00917	0.00917
GAA	GTA	AT	-0.24464	0.04192	0.03700	0.24464	0.03283	0.03700	0.00369	0.00369
GAA	GCA	AC	-0.94567	0.03932	0.02362	0.94567	0.01527	0.02362	0.00235	0.00235
GAA	GAT	AT	0.94866	0.04192	0.06491	-0.94866	0.10826	0.06491	0.00647	0.00647
GAA	GAC	AC	-0.07607	0.03932	0.03785	0.07607	0.03644	0.03785	0.00377	0.00377
GAG	CAG	GC	-0.24937	0.00714	0.00629	0.24937	0.00556	0.00629	0.00063	0.00063
GAG	AAG	GA	0.44195	0.03213	0.03975	-0.44195	0.04999	0.03975	0.00396	0.00396
GAG	GTG	AT	1.30747	0.00761	0.01364	-1.30747	0.02814	0.01364	0.00136	0.00136
GAG	GCG	AC	-0.97988	0.00714	0.00420	0.97988	0.00268	0.00420	0.00042	0.00042
GAG	GAT	GT	1.53698	0.00761	0.01490	-1.53698	0.03540	0.01490	0.00149	0.00149
GAG	GAC	GC	0.51224	0.00714	0.00912	-0.51224	0.01192	0.00912	0.00091	0.00091
GAG	GAA	GA	0.58831	0.03213	0.04251	-0.58831	0.05787	0.04251	0.04251	0.04251
GGT	TGT	GT	-0.24084	0.05011	0.04431	0.24084	0.03938	0.04431	0.00442	0.00442
GGT	CGT	GC	-0.86000	0.04700	0.02965	0.86000	0.01989	0.02965	0.00296	0.00296
GGT	AGT	GA	-2.23702	0.21154	0.05657	2.23702	0.02259	0.05657	0.00564	0.00564
GGT	GTT	GT	-1.08112	0.05011	0.02781	1.08112	0.01700	0.02781	0.00277	0.00277
GGT	GCT	GC	-0.25067	0.04700	0.04135	0.25067	0.03658	0.04135	0.00412	0.00412
GGT	GAT	GA	-1.09542	0.21154	0.11642	1.09542	0.07074	0.11642	0.01161	0.01161
GGC	TGC	GT	-0.22485	0.02962	0.02641	0.22485	0.02366	0.02641	0.00263	0.00263
GGC	CGC	GC	-0.71905	0.02778	0.01898	0.71905	0.01354	0.01898	0.00189	0.00189
GGC	AGC	GA	-1.16172	0.12505	0.06617	1.16172	0.03913	0.06617	0.00660	0.00660
GGC	GTC	GT	-1.65661	0.02962	0.01157	1.65661	0.00565	0.01157	0.00115	0.00115
GGC	GCC	GC	0.31149	0.02778	0.03233	-0.31149	0.03794	0.03233	0.00322	0.00322
GGC	GAC	GA	-1.65848	0.12505	0.04878	1.65848	0.02381	0.04878	0.00486	0.00486
GGC	GGT	CT	0.46168	0.05920	0.07391	-0.46168	0.09393	0.07391	0.07391	0.07391
GGA	CGA	GC	-2.85310	0.00988	0.00172	2.85310	0.00057	0.00172	0.00017	0.00017
GGA	AGA	GA	-1.66559	0.04445	0.01726	1.66559	0.00840	0.01726	0.00172	0.00172
GGA	GTA	GT	0.01918	0.01053	0.01063	-0.01918	0.01073	0.01063	0.00106	0.00106
GGA	GCA	GC	-0.68186	0.00988	0.00689	0.68186	0.00499	0.00689	0.00069	0.00069
GGA	GAA	GA	0.26382	0.04445	0.05057	-0.26382	0.05787	0.05057	0.00504	0.00504
GGA	GGT	AT	2.30790	0.01053	0.02698	-2.30790	0.10585	0.02698	0.02698	0.02698
GGA	GGC	AC	1.84623	0.00988	0.02165	-1.84623	0.06257	0.02165	0.02165	0.02165
GGG	TGG	GT	4.12638	0.00063	0.00266	-4.12638	0.03929	0.00266	0.00027	0.00027
GGG	CGG	GC	0.28172	0.00059	0.00068	-0.28172	0.00079	0.00068	0.00007	0.00007
GGG	AGG	GA	0.36365	0.00268	0.00319	-0.36365	0.00385	0.00319	0.00032	0.00032
GGG	GTG	GT	2.67443	0.00063	0.00182	-2.67443	0.00920	0.00182	0.00018	0.00018
GGG	GCG	GC	0.38708	0.00059	0.00072	-0.38708	0.00088	0.00072	0.00007	0.00007
GGG	GAG	GA	1.36696	0.00268	0.00491	-1.36696	0.01051	0.00491	0.00049	0.00049
GGG	GGT	GT	3.99935	0.00063	0.00258	-3.99935	0.03461	0.00258	0.00258	0.00258
GGG	GGC	GC	3.53768	0.00059	0.00217	-3.53768	0.02046	0.00217	0.00217	0.00217
GGG	GGA	GA	1.69145	0.00268	0.00555	-1.69145	0.01453	0.00555	0.00555	0.00555


Histograms
2Ns	FMut	FSub(CodonUsage)	FSubw(after w)

-4.09619	0.00924	0.00081	0.00212
-3.68657	0.02014	0.00242	0.00122
-3.27696	0.00542	0.00087	0.00201
-2.86734	0.05466	0.01187	0.03409
-2.45772	0.04591	0.01409	0.02182
-2.04810	0.07082	0.02810	0.02324
-1.63848	0.07797	0.03916	0.02734
-1.22886	0.11460	0.07731	0.06468
-0.81924	0.12943	0.10607	0.06769
-0.40962	0.14442	0.14852	0.18431
0.00000	0.11011	0.14158	0.14297
0.40962	0.09383	0.14852	0.18431
0.81924	0.05582	0.10607	0.06769
1.22886	0.03538	0.07731	0.06468
1.63848	0.01487	0.03916	0.02734
2.04810	0.00938	0.02810	0.02324
2.45772	0.00414	0.01409	0.02182
2.86734	0.00301	0.01187	0.03409
3.27696	0.00020	0.00087	0.00201
3.68657	0.00049	0.00242	0.00122
4.09619	0.00015	0.00081	0.00212

Proportion of advantageous (S > 0) mutations:
 0.26986

Proportions of good & bad mutations (|S| > 2.0000) among mutations:
0.01168  0.16621

mean |Ns| = 1.18508	mean Ns+ = 0.73203	mean Ns- = -1.35252
