Supplemental results for CODEML (seqf: ../lysc_aln.phy  treef: ../lysc_tree.nwk)

I	J	ij	2Ns_IJ	pMut_IJ	pSub_IJ	2Ns_JI	pMut_JI	pSub_JI

TTC	TTT	CT	-0.79250	0.07195	0.04717	0.79250	0.03257	0.04717
TTA	TTT	AT	1.03488	0.01174	0.01884	-1.03488	0.03303	0.01884
TTA	TTC	AC	1.82738	0.01191	0.02594	-1.82738	0.07408	0.02594
TTG	TTT	GT	-1.99572	0.07574	0.02378	1.99572	0.01029	0.02378
TTG	TTC	GC	-1.20322	0.07689	0.03969	1.20322	0.02309	0.03969
TTG	TTA	GA	-3.03060	0.36123	0.05554	3.03060	0.01744	0.05554
TCT	TTT	CT	-0.92390	0.08205	0.04991	0.92390	0.03257	0.04991
TCC	TTC	CT	-0.42699	0.11195	0.08975	0.42699	0.07305	0.08975
TCC	TCT	CT	-0.29560	0.11195	0.09622	0.29560	0.08330	0.09622
TCA	TTA	CT	0.16029	0.02184	0.02364	-0.16029	0.02564	0.02364
TCA	TCT	AT	2.11907	0.01015	0.02444	-2.11907	0.08448	0.02444
TCA	TCC	AC	2.41467	0.01030	0.02732	-2.41467	0.11526	0.02732
TCG	TTG	CT	1.59079	0.03372	0.06737	-1.59079	0.16550	0.06737
TCG	TCT	GT	0.51897	0.01567	0.02008	-0.51897	0.02633	0.02008
TCG	TCC	GC	0.81456	0.01591	0.02326	-0.81456	0.03592	0.02326
TCG	TCA	GA	-1.60010	0.07473	0.03024	1.60010	0.01509	0.03024
TAT	TTT	AT	0.09403	0.03007	0.03150	-0.09403	0.03303	0.03150
TAT	TCT	AC	1.01792	0.03053	0.04865	-1.01792	0.08448	0.04865
TAC	TTC	AT	0.46298	0.04662	0.05825	-0.46298	0.07408	0.05825
TAC	TCC	AC	0.88997	0.04733	0.07148	-0.88997	0.11526	0.07148
TAC	TAT	CT	-0.42355	0.10035	0.08059	0.42355	0.06570	0.08059
TGT	TTT	GT	-1.71194	0.05703	0.02151	1.71194	0.01029	0.02151
TGT	TCT	GC	-0.78804	0.05790	0.03805	0.78804	0.02633	0.03805
TGT	TAT	GA	-1.80596	0.27198	0.09658	1.80596	0.04469	0.09658
TGC	TTC	GT	-0.39461	0.03425	0.02794	0.39461	0.02309	0.02794
TGC	TCC	GC	0.03238	0.03478	0.03534	-0.03238	0.03592	0.03534
TGC	TAC	GA	-0.85759	0.16337	0.10321	0.85759	0.06930	0.10321
TGC	TGT	CT	0.52482	0.07373	0.09476	-0.52482	0.12461	0.09476
TGG	TTG	GT	-0.08423	0.05690	0.05454	0.08423	0.05230	0.05454
TGG	TCG	GC	-1.67502	0.05777	0.02230	1.67502	0.01082	0.02230
TGG	TGT	GT	-0.36801	0.05690	0.04707	0.36801	0.03938	0.04707
TGG	TGC	GC	-0.89284	0.05777	0.03577	0.89284	0.02366	0.03577
CTT	TTT	CT	2.07350	0.00410	0.00971	-2.07350	0.03257	0.00971
CTC	TTC	CT	3.71736	0.00177	0.00676	-3.71736	0.07305	0.00676
CTC	CTT	CT	0.85136	0.00177	0.00264	-0.85136	0.00416	0.00264
CTA	TTA	CT	1.90326	0.00382	0.00855	-1.90326	0.02564	0.00855
CTA	CTT	AT	0.86464	0.00178	0.00265	-0.86464	0.00422	0.00265
CTA	CTC	AC	0.01328	0.00180	0.00182	-0.01328	0.00183	0.00182
CTG	TTG	CT	3.12988	0.00724	0.02368	-3.12988	0.16550	0.02368
CTG	CTT	GT	-0.93934	0.00336	0.00203	0.93934	0.00131	0.00203
CTG	CTC	GC	-1.79069	0.00341	0.00122	1.79069	0.00057	0.00122
CTG	CTA	GA	-1.80398	0.01603	0.00570	1.80398	0.00264	0.00570
CCT	TCT	CT	0.60857	0.04533	0.06051	-0.60857	0.08330	0.06051
CCT	CTT	CT	-2.38883	0.04533	0.01094	2.38883	0.00416	0.01094
CCC	TCC	CT	0.65831	0.05884	0.08032	-0.65831	0.11366	0.08032
CCC	CTC	CT	-3.48605	0.05884	0.00648	3.48605	0.00180	0.00648
CCC	CCT	CT	-0.24586	0.05884	0.05191	0.24586	0.04602	0.05191
CCA	TCA	CT	0.11355	0.01980	0.02094	-0.11355	0.02218	0.02094
CCA	CTA	CT	-1.62942	0.01980	0.00787	1.62942	0.00388	0.00787
CCA	CCT	AT	1.62405	0.00920	0.01861	-1.62405	0.04667	0.01861
CCA	CCC	AC	1.86991	0.00934	0.02064	-1.86991	0.06058	0.02064
CCG	TCG	CT	1.86094	0.00532	0.01173	-1.86094	0.03424	0.01173
CCG	CTG	CT	0.32184	0.00532	0.00623	-0.32184	0.00735	0.00623
CCG	CCT	GT	1.77133	0.00247	0.00528	-1.77133	0.01454	0.00528
CCG	CCC	GC	2.01719	0.00251	0.00584	-2.01719	0.01888	0.00584
CCG	CCA	GA	0.14728	0.01180	0.01269	-0.14728	0.01367	0.01269
CAT	TAT	CT	0.90846	0.02649	0.04032	-0.90846	0.06570	0.04032
CAT	CTT	AT	-1.07101	0.01231	0.00687	1.07101	0.00422	0.00687
CAT	CCT	AC	1.31781	0.01249	0.02248	-1.31781	0.04667	0.02248
CAC	TAC	CT	1.77870	0.01720	0.03682	-1.77870	0.10188	0.03682
CAC	CTC	AT	-1.47569	0.00799	0.00350	1.47569	0.00183	0.00350
CAC	CCC	AC	2.01036	0.00811	0.01884	-2.01036	0.06058	0.01884
CAC	CAT	CT	0.44669	0.01720	0.02133	-0.44669	0.02689	0.02133
CAA	CTA	AT	-2.46382	0.04624	0.01060	2.46382	0.00394	0.01060
CAA	CCA	AC	-0.83440	0.04695	0.03005	0.83440	0.02038	0.03005
CAA	CAT	AT	-0.52817	0.04624	0.03510	0.52817	0.02727	0.03510
CAA	CAC	AC	-0.97486	0.04695	0.02772	0.97486	0.01771	0.02772
CAG	CTG	AT	-0.07825	0.00806	0.00775	0.07825	0.00745	0.00775
CAG	CCG	AC	-0.40009	0.00818	0.00665	0.40009	0.00548	0.00665
CAG	CAT	GT	0.05343	0.00806	0.00827	-0.05343	0.00850	0.00827
CAG	CAC	GC	-0.39326	0.00818	0.00668	0.39326	0.00552	0.00668
CAG	CAA	GA	0.58160	0.03842	0.05067	-0.58160	0.06873	0.05067
CGT	TGT	CT	0.69830	0.06198	0.08613	-0.69830	0.12461	0.08613
CGT	CTT	GT	-3.08714	0.02880	0.00425	3.08714	0.00131	0.00425
CGT	CCT	GC	-0.69831	0.02924	0.02021	0.69831	0.01454	0.02021
CGT	CAT	GA	-2.01613	0.13735	0.04254	2.01613	0.01829	0.04254
CGC	TGC	CT	0.57334	0.04219	0.05543	-0.57334	0.07485	0.05543
CGC	CTC	GT	-3.53863	0.01960	0.00208	3.53863	0.00057	0.00208
CGC	CCC	GC	-0.05259	0.01990	0.01938	0.05259	0.01888	0.01938
CGC	CAC	GA	-2.06295	0.09348	0.02807	2.06295	0.01188	0.02807
CGC	CGT	CT	0.39987	0.04219	0.05118	-0.39987	0.06293	0.05118
CGA	CTA	GT	0.39701	0.00082	0.00100	-0.39701	0.00123	0.00100
CGA	CCA	GC	2.02643	0.00084	0.00195	-2.02643	0.00635	0.00195
CGA	CAA	GA	2.86084	0.00393	0.01193	-2.86084	0.06873	0.01193
CGA	CGT	AT	4.34880	0.00082	0.00363	-4.34880	0.06382	0.00363
CGA	CGC	AC	3.94893	0.00084	0.00337	-3.94893	0.04343	0.00337
CGG	TGG	CT	3.92380	0.00246	0.00984	-3.92380	0.12433	0.00984
CGG	CTG	GT	0.70968	0.00114	0.00159	-0.70968	0.00232	0.00159
CGG	CCG	GC	0.38784	0.00116	0.00140	-0.38784	0.00171	0.00140
CGG	CAG	GA	0.78793	0.00545	0.00787	-0.78793	0.01197	0.00787
CGG	CGT	GT	2.85748	0.00114	0.00346	-2.85748	0.01989	0.00346
CGG	CGC	GC	2.45762	0.00116	0.00312	-2.45762	0.01354	0.00312
CGG	CGA	GA	-1.49131	0.00545	0.00236	1.49131	0.00123	0.00236
ATT	TTT	AT	-0.15330	0.03850	0.03563	0.15330	0.03303	0.03563
ATT	CTT	AC	-2.22679	0.03909	0.01053	2.22679	0.00422	0.01053
ATC	TTC	AT	1.10442	0.02455	0.04055	-1.10442	0.07408	0.04055
ATC	CTC	AC	-2.61294	0.02492	0.00515	2.61294	0.00183	0.00515
ATC	ATT	CT	0.46522	0.05284	0.06608	-0.46522	0.08414	0.06608
ATA	TTA	AT	1.85712	0.00406	0.00893	-1.85712	0.02600	0.00893
ATA	CTA	AC	-0.04614	0.00412	0.00403	0.04614	0.00394	0.00403
ATA	ATT	AT	3.04529	0.00406	0.01298	-3.04529	0.08532	0.01298
ATA	ATC	AC	2.58008	0.00412	0.01151	-2.58008	0.05440	0.01151
ATG	TTG	AT	2.35128	0.01599	0.04154	-2.35128	0.16783	0.04154
ATG	CTG	AC	-0.77860	0.01623	0.01072	0.77860	0.00745	0.01072
ATG	ATT	GT	0.50886	0.01599	0.02040	-0.50886	0.02659	0.02040
ATG	ATC	GC	0.04364	0.01623	0.01659	-0.04364	0.01695	0.01659
ATG	ATA	GA	-2.53643	0.07624	0.01662	2.53643	0.00603	0.01662
ACT	TCT	AT	1.05006	0.02956	0.04775	-1.05006	0.08448	0.04775
ACT	CCT	AC	0.44149	0.03001	0.03712	-0.44149	0.04667	0.03712
ACT	ATT	CT	0.27945	0.06362	0.07293	-0.27945	0.08414	0.07293
ACC	TCC	AT	1.05448	0.04015	0.06498	-1.05448	0.11526	0.06498
ACC	CCC	AC	0.39617	0.04077	0.04937	-0.39617	0.06058	0.04937
ACC	ATC	CT	-0.47693	0.08642	0.06745	0.47693	0.05364	0.06745
ACC	ACT	CT	-0.29117	0.08642	0.07445	0.29117	0.06459	0.07445
ACA	TCA	AT	1.35996	0.00577	0.01056	-1.35996	0.02249	0.01056
ACA	CCA	AC	1.24641	0.00586	0.01025	-1.24641	0.02038	0.01025
ACA	ATA	CT	-0.33687	0.01242	0.01045	0.33687	0.00887	0.01045
ACA	ACT	AT	2.42897	0.00577	0.01538	-2.42897	0.06550	0.01538
ACA	ACC	AC	2.72015	0.00586	0.01707	-2.72015	0.08898	0.01707
ACG	TCG	AT	2.87105	0.00197	0.00598	-2.87105	0.03472	0.00598
ACG	CCG	AC	1.01011	0.00200	0.00317	-1.01011	0.00548	0.00317
ACG	ATG	CT	2.11055	0.00423	0.01016	-2.11055	0.03493	0.01016
ACG	ACT	GT	2.33996	0.00197	0.00509	-2.33996	0.02041	0.00509
ACG	ACC	GC	2.63113	0.00200	0.00566	-2.63113	0.02773	0.00566
ACG	ACA	GA	-0.08902	0.00938	0.00897	0.08902	0.00858	0.00897
AAT	TAT	AT	0.33014	0.04789	0.05623	-0.33014	0.06663	0.05623
AAT	CAT	AC	-0.57832	0.04862	0.03591	0.57832	0.02727	0.03591
AAT	ATT	AT	0.57746	0.04789	0.06304	-0.57746	0.08532	0.06304
AAT	ACT	AC	0.29800	0.04862	0.05623	-0.29800	0.06550	0.05623
AAC	TAC	AT	0.64325	0.05430	0.07362	-0.64325	0.10331	0.07362
AAC	CAC	AC	-1.13545	0.05513	0.02963	1.13545	0.01771	0.02963
AAC	ATC	AT	0.00180	0.05430	0.05435	-0.00180	0.05440	0.05435
AAC	ACC	AC	0.47874	0.05513	0.06937	-0.47874	0.08898	0.06937
AAC	AAT	CT	-0.11044	0.11687	0.11054	0.11044	0.10465	0.11054
AAA	CAA	AC	0.95222	0.03954	0.06131	-0.95222	0.10247	0.06131
AAA	ATA	AT	-1.46546	0.03895	0.01714	1.46546	0.00900	0.01714
AAA	ACA	AC	-1.12860	0.03954	0.02134	1.12860	0.01279	0.02134
AAA	AAT	AT	1.00237	0.03895	0.06168	-1.00237	0.10613	0.06168
AAA	AAC	AC	1.11281	0.03954	0.06554	-1.11281	0.12032	0.06554
AAG	CAG	AC	-0.72267	0.03677	0.02507	0.72267	0.01785	0.02507
AAG	ATG	AT	-0.02231	0.03622	0.03582	0.02231	0.03542	0.03582
AAG	ACG	AC	-2.13287	0.03677	0.01054	2.13287	0.00436	0.01054
AAG	AAT	GT	-0.09091	0.03622	0.03460	0.09091	0.03307	0.03460
AAG	AAC	GC	0.01953	0.03677	0.03713	-0.01953	0.03750	0.03713
AAG	AAA	GA	-1.09328	0.17275	0.09519	1.09328	0.05789	0.09519
AGT	TGT	AT	2.04397	0.01637	0.03843	-2.04397	0.12637	0.03843
AGT	CGT	AC	1.34567	0.01662	0.03023	-1.34567	0.06382	0.03023
AGT	ATT	GT	0.48533	0.01637	0.02066	-0.48533	0.02659	0.02066
AGT	ACT	GC	0.20587	0.01662	0.01838	-0.20587	0.02041	0.01838
AGT	AAT	GA	-0.09213	0.07805	0.07451	0.09213	0.07118	0.07451
AGC	TGC	AT	0.98466	0.02836	0.04457	-0.98466	0.07590	0.04457
AGC	CGC	AC	0.41132	0.02879	0.03511	-0.41132	0.04343	0.03511
AGC	ATC	GT	-0.51438	0.02836	0.02169	0.51438	0.01695	0.02169
AGC	ACC	GC	-0.03744	0.02879	0.02825	0.03744	0.02773	0.02825
AGC	AAC	GA	-0.51618	0.13523	0.10332	0.51618	0.08071	0.10332
AGC	AGT	CT	-0.53449	0.06103	0.04617	0.53449	0.03576	0.04617
AGA	CGA	AC	-1.21886	0.00618	0.00316	1.21886	0.00183	0.00316
AGA	ATA	GT	-0.77571	0.00609	0.00403	0.77571	0.00280	0.00403
AGA	ACA	GC	-0.43884	0.00618	0.00492	0.43884	0.00399	0.00492
AGA	AAA	GA	0.68976	0.02904	0.04020	-0.68976	0.05789	0.04020
AGA	AGT	AT	1.78426	0.00609	0.01306	-1.78426	0.03627	0.01306
AGA	AGC	AC	2.31875	0.00618	0.01590	-2.31875	0.06283	0.01590
AGG	TGG	AT	3.81051	0.00279	0.01088	-3.81051	0.12609	0.01088
AGG	CGG	AC	-0.11328	0.00283	0.00268	0.11328	0.00253	0.00268
AGG	ATG	GT	1.37500	0.00279	0.00514	-1.37500	0.01104	0.00514
AGG	ACG	GC	-0.73555	0.00283	0.00192	0.73555	0.00136	0.00192
AGG	AAG	GA	1.39731	0.01331	0.02471	-1.39731	0.05384	0.02471
AGG	AGT	GT	1.39853	0.00279	0.00518	-1.39853	0.01130	0.00518
AGG	AGC	GC	1.93302	0.00283	0.00640	-1.93302	0.01958	0.00640
AGG	AGA	GA	-0.38573	0.01331	0.01091	0.38573	0.00905	0.01091
GTT	TTT	GT	-0.87166	0.02461	0.01542	0.87166	0.01029	0.01542
GTT	CTT	GC	-2.94516	0.02499	0.00409	2.94516	0.00131	0.00409
GTT	ATT	GA	-0.71837	0.11738	0.08023	0.71837	0.05723	0.08023
GTC	TTC	GT	1.03715	0.00818	0.01315	-1.03715	0.02309	0.01315
GTC	CTC	GC	-2.68022	0.00831	0.00164	2.68022	0.00057	0.00164
GTC	ATC	GA	-0.06728	0.03903	0.03773	0.06728	0.03649	0.03773
GTC	GTT	CT	1.11630	0.01761	0.02923	-1.11630	0.05378	0.02923
GTA	TTA	GT	-0.65114	0.01554	0.01103	0.65114	0.00810	0.01103
GTA	CTA	GC	-2.55441	0.01578	0.00340	2.55441	0.00123	0.00340
GTA	ATA	GA	-2.50826	0.07412	0.01648	2.50826	0.00603	0.01648
GTA	GTT	AT	1.25539	0.01554	0.02729	-1.25539	0.05454	0.02729
GTA	GTC	AC	0.13909	0.01578	0.01690	-0.13909	0.01813	0.01690
GTG	TTG	GT	1.36772	0.01332	0.02445	-1.36772	0.05230	0.02445
GTG	CTG	GC	-1.76217	0.01352	0.00494	1.76217	0.00232	0.00494
GTG	ATG	GA	-0.98357	0.06353	0.03733	0.98357	0.02376	0.03733
GTG	GTT	GT	0.24366	0.01332	0.01501	-0.24366	0.01700	0.01501
GTG	GTC	GC	-0.87265	0.01352	0.00847	0.87265	0.00565	0.00847
GTG	GTA	GA	-1.01174	0.06353	0.03672	1.01174	0.02310	0.03672
GCT	TCT	GT	-0.69908	0.05297	0.03659	0.69908	0.02633	0.03659
GCT	CCT	GC	-1.30765	0.05377	0.02607	1.30765	0.01454	0.02607
GCT	ACT	GA	-1.74913	0.25262	0.09303	1.74913	0.04394	0.09303
GCT	GTT	CT	-0.75132	0.11400	0.07649	0.75132	0.05378	0.07649
GCC	TCC	GT	-0.42482	0.05493	0.04409	0.42482	0.03592	0.04409
GCC	CCC	GC	-1.08313	0.05577	0.03092	1.08313	0.01888	0.03092
GCC	ACC	GA	-1.47930	0.26199	0.11433	1.47930	0.05968	0.11433
GCC	GTC	CT	-1.88896	0.11824	0.03979	1.88896	0.01788	0.03979
GCC	GCT	CT	-0.02134	0.11824	0.11698	0.02134	0.11574	0.11698
GCA	TCA	GT	-0.03127	0.00723	0.00712	0.03127	0.00701	0.00712
GCA	CCA	GC	-0.14482	0.00734	0.00682	0.14482	0.00635	0.00682
GCA	ACA	GA	-1.39123	0.03449	0.01589	1.39123	0.00858	0.01589
GCA	GTA	CT	0.78017	0.01556	0.02242	-0.78017	0.03396	0.02242
GCA	GCT	AT	2.78688	0.00723	0.02148	-2.78688	0.11737	0.02148
GCA	GCC	AC	2.80822	0.00734	0.02194	-2.80822	0.12173	0.02194
GCG	TCG	GT	2.14341	0.00127	0.00308	-2.14341	0.01082	0.00308
GCG	CCG	GC	0.28248	0.00129	0.00148	-0.28248	0.00171	0.00148
GCG	ACG	GA	-0.72763	0.00605	0.00411	0.72763	0.00292	0.00411
GCG	GTG	CT	2.36649	0.00273	0.00713	-2.36649	0.02911	0.00713
GCG	GCT	GT	3.36146	0.00127	0.00442	-3.36146	0.03658	0.00442
GCG	GCC	GC	3.38280	0.00129	0.00451	-3.38280	0.03794	0.00451
GCG	GCA	GA	0.57458	0.00605	0.00795	-0.57458	0.01075	0.00795
GAT	TAT	GT	-0.90360	0.05126	0.03154	0.90360	0.02076	0.03154
GAT	CAT	GC	-1.81206	0.05204	0.01841	1.81206	0.00850	0.01841
GAT	AAT	GA	-1.23373	0.24445	0.12390	1.23373	0.07118	0.12390
GAT	GTT	AT	0.06209	0.05126	0.05286	-0.06209	0.05454	0.05286
GAT	GCT	AC	0.81341	0.05204	0.07604	-0.81341	0.11737	0.07604
GAC	TAC	GT	0.62383	0.01725	0.02319	-0.62383	0.03220	0.02319
GAC	CAC	GC	-1.15487	0.01752	0.00931	1.15487	0.00552	0.00931
GAC	AAC	GA	-0.01942	0.08229	0.08149	0.01942	0.08071	0.08149
GAC	GTC	AT	0.04966	0.01725	0.01769	-0.04966	0.01813	0.01769
GAC	GCC	AC	1.93862	0.01752	0.03967	-1.93862	0.12173	0.03967
GAC	GAT	CT	1.10387	0.03714	0.06133	-1.10387	0.11200	0.06133
GAA	CAA	GC	-0.28743	0.04257	0.03674	0.28743	0.03193	0.03674
GAA	AAA	GA	-1.23965	0.19998	0.10100	1.23965	0.05789	0.10100
GAA	GTA	AT	-0.19685	0.04193	0.03794	0.19685	0.03444	0.03794
GAA	GCA	AC	-0.97702	0.04257	0.02511	0.97702	0.01602	0.02511
GAA	GAT	AT	0.99646	0.04193	0.06623	-0.99646	0.11357	0.06623
GAA	GAC	AC	-0.10742	0.04257	0.04032	0.10742	0.03823	0.04032
GAG	CAG	GC	-0.32866	0.00773	0.00653	0.32866	0.00556	0.00653
GAG	AAG	GA	0.39401	0.03630	0.04392	-0.39401	0.05384	0.04392
GAG	GTG	AT	1.35526	0.00761	0.01390	-1.35526	0.02952	0.01390
GAG	GCG	AC	-1.01122	0.00773	0.00447	1.01122	0.00281	0.00447
GAG	GAT	GT	1.53683	0.00761	0.01490	-1.53683	0.03540	0.01490
GAG	GAC	GC	0.43296	0.00773	0.00952	-0.43296	0.01192	0.00952
GAG	GAA	GA	0.54037	0.03630	0.04699	-0.54037	0.06232	0.04699
GGT	TGT	GT	-0.24099	0.05011	0.04432	0.24099	0.03938	0.04432
GGT	CGT	GC	-0.93929	0.05088	0.03067	0.93929	0.01989	0.03067
GGT	AGT	GA	-2.28496	0.23900	0.06188	2.28496	0.02433	0.06188
GGT	GTT	GT	-1.08127	0.05011	0.02781	1.08127	0.01700	0.02781
GGT	GCT	GC	-0.32995	0.05088	0.04294	0.32995	0.03658	0.04294
GGT	GAT	GA	-1.14336	0.23900	0.12786	1.14336	0.07618	0.12786
GGC	TGC	GT	-0.22500	0.02962	0.02642	0.22500	0.02366	0.02642
GGC	CGC	GC	-0.79834	0.03007	0.01965	0.79834	0.01354	0.01965
GGC	AGC	GA	-1.20966	0.14128	0.07265	1.20966	0.04214	0.07265
GGC	GTC	GT	-1.65676	0.02962	0.01157	1.65676	0.00565	0.01157
GGC	GCC	GC	0.23220	0.03007	0.03370	-0.23220	0.03794	0.03370
GGC	GAC	GA	-1.70642	0.14128	0.05347	1.70642	0.02565	0.05347
GGC	GGT	CT	0.54081	0.06376	0.08255	-0.54081	0.10950	0.08255
GGA	CGA	GC	-2.93239	0.01069	0.00176	2.93239	0.00057	0.00176
GGA	AGA	GA	-1.71353	0.05022	0.01892	1.71353	0.00905	0.01892
GGA	GTA	GT	0.01903	0.01053	0.01063	-0.01903	0.01073	0.01063
GGA	GCA	GC	-0.76114	0.01069	0.00713	0.76114	0.00499	0.00713
GGA	GAA	GA	0.21588	0.05022	0.05584	-0.21588	0.06232	0.05584
GGA	GGT	AT	2.35569	0.01053	0.02740	-2.35569	0.11104	0.02740
GGA	GGC	AC	1.81488	0.01069	0.02318	-1.81488	0.06564	0.02318
GGG	TGG	GT	4.12623	0.00063	0.00266	-4.12623	0.03929	0.00266
GGG	CGG	GC	0.20243	0.00064	0.00071	-0.20243	0.00079	0.00071
GGG	AGG	GA	0.31572	0.00303	0.00353	-0.31572	0.00415	0.00353
GGG	GTG	GT	2.67428	0.00063	0.00182	-2.67428	0.00920	0.00182
GGG	GCG	GC	0.30779	0.00064	0.00075	-0.30779	0.00088	0.00075
GGG	GAG	GA	1.31902	0.00303	0.00545	-1.31902	0.01131	0.00545
GGG	GGT	GT	3.99921	0.00063	0.00258	-3.99921	0.03461	0.00258
GGG	GGC	GC	3.45839	0.00064	0.00230	-3.45839	0.02046	0.00230
GGG	GGA	GA	1.64351	0.00303	0.00616	-1.64351	0.01565	0.00616


Histograms
2Ns	FMut	FSub(CodonUsage)	FSubw(after w)

-4.14171	0.00881	0.00077
-3.72754	0.01668	0.00186
-3.31337	0.01552	0.00261
-2.89920	0.04679	0.01012
-2.48503	0.05866	0.01819
-2.07085	0.05363	0.02162
-1.65668	0.09578	0.04760
-1.24251	0.11469	0.07775
-0.82834	0.12782	0.10571
-0.41417	0.13872	0.14415
0.00000	0.10753	0.13925
0.41417	0.09080	0.14415
0.82834	0.05537	0.10571
1.24251	0.03526	0.07775
1.65668	0.01780	0.04760
2.07085	0.00719	0.02162
2.48503	0.00532	0.01819
2.89920	0.00254	0.01012
3.31337	0.00059	0.00261
3.72754	0.00037	0.00186
4.14171	0.00014	0.00077

Proportion of advantageous (S > 0) mutations:
 0.26717

Proportions of good & bad mutations (|S| > 2.0000) among mutations:
0.01316  0.17959

mean |Ns| = 1.20335	mean Ns+ = 0.73840	mean Ns- = -1.37286


MLEs of dN/dS (w) for site classes (K=3)

p:   0.97585  0.01468  0.00947
w:   0.10028  1.00000  1.00000

Naive Empirical Bayes (NEB) probabilities for 3 classes & postmean_w
(amino acids refer to 1st sequence: Stomoxys_calcitrans_XM_059368529)

   1 M   0.00000 0.60797 0.39203 ( 2)  1.000
   2 A   0.99996 0.00003 0.00002 ( 1)  0.100
   3 A   0.99889 0.00067 0.00043 ( 1)  0.101
   4 P   1.00000 0.00000 0.00000 ( 1)  0.100
   5 A   1.00000 0.00000 0.00000 ( 1)  0.100
   6 F   0.00000 0.60797 0.39203 ( 2)  1.000
   7 G   1.00000 0.00000 0.00000 ( 1)  0.100
   8 R   1.00000 0.00000 0.00000 ( 1)  0.100
   9 T   1.00000 0.00000 0.00000 ( 1)  0.100
  10 M   1.00000 0.00000 0.00000 ( 1)  0.100
  11 T   1.00000 0.00000 0.00000 ( 1)  0.100
  12 R   1.00000 0.00000 0.00000 ( 1)  0.100
  13 C   1.00000 0.00000 0.00000 ( 1)  0.100
  14 S   1.00000 0.00000 0.00000 ( 1)  0.100
  15 L   1.00000 0.00000 0.00000 ( 1)  0.100
  16 A   1.00000 0.00000 0.00000 ( 1)  0.100
  17 R   1.00000 0.00000 0.00000 ( 1)  0.100
  18 E   1.00000 0.00000 0.00000 ( 1)  0.100
  19 M   1.00000 0.00000 0.00000 ( 1)  0.100
  20 Y   1.00000 0.00000 0.00000 ( 1)  0.100
  21 A   1.00000 0.00000 0.00000 ( 1)  0.100
  22 L   1.00000 0.00000 0.00000 ( 1)  0.100
  23 G   1.00000 0.00000 0.00000 ( 1)  0.100
  24 V   1.00000 0.00000 0.00000 ( 1)  0.100
  25 P   1.00000 0.00000 0.00000 ( 1)  0.100
  26 K   1.00000 0.00000 0.00000 ( 1)  0.100
  27 S   1.00000 0.00000 0.00000 ( 1)  0.100
  28 E   1.00000 0.00000 0.00000 ( 1)  0.100
  29 L   1.00000 0.00000 0.00000 ( 1)  0.100
  30 P   1.00000 0.00000 0.00000 ( 1)  0.100
  31 Q   1.00000 0.00000 0.00000 ( 1)  0.100
  32 W   1.00000 0.00000 0.00000 ( 1)  0.100
  33 T   1.00000 0.00000 0.00000 ( 1)  0.100
  34 C   1.00000 0.00000 0.00000 ( 1)  0.100
  35 I   1.00000 0.00000 0.00000 ( 1)  0.100
  36 A   1.00000 0.00000 0.00000 ( 1)  0.100
  37 E   1.00000 0.00000 0.00000 ( 1)  0.100
  38 H   1.00000 0.00000 0.00000 ( 1)  0.100
  39 E   1.00000 0.00000 0.00000 ( 1)  0.100
  40 S   1.00000 0.00000 0.00000 ( 1)  0.100
  41 S   0.99661 0.00206 0.00133 ( 1)  0.103
  42 Y   1.00000 0.00000 0.00000 ( 1)  0.100
  43 R   1.00000 0.00000 0.00000 ( 1)  0.100
  44 T   1.00000 0.00000 0.00000 ( 1)  0.100
  45 N   0.90856 0.05559 0.03585 ( 1)  0.183
  46 V   1.00000 0.00000 0.00000 ( 1)  0.100
  47 V   1.00000 0.00000 0.00000 ( 1)  0.100
  48 G   1.00000 0.00000 0.00000 ( 1)  0.100
  49 P   1.00000 0.00000 0.00000 ( 1)  0.100
  50 T   1.00000 0.00000 0.00000 ( 1)  0.100
  51 N   1.00000 0.00000 0.00000 ( 1)  0.100
  52 S   1.00000 0.00000 0.00000 ( 1)  0.100
  53 N   1.00000 0.00000 0.00000 ( 1)  0.100
  54 G   1.00000 0.00000 0.00000 ( 1)  0.100
  55 S   1.00000 0.00000 0.00000 ( 1)  0.100
  56 N   1.00000 0.00000 0.00000 ( 1)  0.100
  57 D   1.00000 0.00000 0.00000 ( 1)  0.100
  58 Y   1.00000 0.00000 0.00000 ( 1)  0.100
  59 G   1.00000 0.00000 0.00000 ( 1)  0.100
  60 I   1.00000 0.00000 0.00000 ( 1)  0.100
  61 F   1.00000 0.00000 0.00000 ( 1)  0.100
  62 Q   1.00000 0.00000 0.00000 ( 1)  0.100
  63 I   1.00000 0.00000 0.00000 ( 1)  0.100
  64 N   1.00000 0.00000 0.00000 ( 1)  0.100
  65 N   1.00000 0.00000 0.00000 ( 1)  0.100
  66 Y   1.00000 0.00000 0.00000 ( 1)  0.100
  67 Y   1.00000 0.00000 0.00000 ( 1)  0.100
  68 W   1.00000 0.00000 0.00000 ( 1)  0.100
  69 C   1.00000 0.00000 0.00000 ( 1)  0.100
  70 Q   1.00000 0.00000 0.00000 ( 1)  0.100
  71 P   1.00000 0.00000 0.00000 ( 1)  0.100
  72 A   1.00000 0.00000 0.00000 ( 1)  0.100
  73 N   1.00000 0.00000 0.00000 ( 1)  0.100
  74 G   1.00000 0.00000 0.00000 ( 1)  0.100
  75 R   1.00000 0.00000 0.00000 ( 1)  0.100
  76 F   1.00000 0.00000 0.00000 ( 1)  0.100
  77 S   1.00000 0.00000 0.00000 ( 1)  0.100
  78 Y   1.00000 0.00000 0.00000 ( 1)  0.100
  79 N   1.00000 0.00000 0.00000 ( 1)  0.100
  80 E   1.00000 0.00000 0.00000 ( 1)  0.100
  81 C   1.00000 0.00000 0.00000 ( 1)  0.100
  82 K   1.00000 0.00000 0.00000 ( 1)  0.100
  83 L   1.00000 0.00000 0.00000 ( 1)  0.100
  84 S   1.00000 0.00000 0.00000 ( 1)  0.100
  85 C   1.00000 0.00000 0.00000 ( 1)  0.100
  86 N   1.00000 0.00000 0.00000 ( 1)  0.100
  87 N   1.00000 0.00000 0.00000 ( 1)  0.100
  88 L   1.00000 0.00000 0.00000 ( 1)  0.100
  89 L   1.00000 0.00000 0.00000 ( 1)  0.100
  90 T   1.00000 0.00000 0.00000 ( 1)  0.100
  91 D   1.00000 0.00000 0.00000 ( 1)  0.100
  92 S   1.00000 0.00000 0.00000 ( 1)  0.100
  93 I   1.00000 0.00000 0.00000 ( 1)  0.100
  94 N   1.00000 0.00000 0.00000 ( 1)  0.100
  95 D   1.00000 0.00000 0.00000 ( 1)  0.100
  96 S   1.00000 0.00000 0.00000 ( 1)  0.100
  97 V   1.00000 0.00000 0.00000 ( 1)  0.100
  98 T   0.98172 0.01111 0.00716 ( 1)  0.117
  99 C   1.00000 0.00000 0.00000 ( 1)  0.100
 100 A   1.00000 0.00000 0.00000 ( 1)  0.100
 101 R   1.00000 0.00000 0.00000 ( 1)  0.100
 102 K   1.00000 0.00000 0.00000 ( 1)  0.100
 103 I   1.00000 0.00000 0.00000 ( 1)  0.100
 104 K   1.00000 0.00000 0.00000 ( 1)  0.100
 105 S   1.00000 0.00000 0.00000 ( 1)  0.100
 106 Q   1.00000 0.00000 0.00000 ( 1)  0.100
 107 Q   1.00000 0.00000 0.00000 ( 1)  0.100
 108 G   1.00000 0.00000 0.00000 ( 1)  0.100
 109 W   1.00000 0.00000 0.00000 ( 1)  0.100
 110 T   0.00000 0.60797 0.39203 ( 2)  1.000
 111 A   1.00000 0.00000 0.00000 ( 1)  0.100
 112 W   1.00000 0.00000 0.00000 ( 1)  0.100
 113 S   1.00000 0.00000 0.00000 ( 1)  0.100
 114 T   1.00000 0.00000 0.00000 ( 1)  0.100
 115 W   1.00000 0.00000 0.00000 ( 1)  0.100
 116 K   1.00000 0.00000 0.00000 ( 1)  0.100
 117 Y   1.00000 0.00000 0.00000 ( 1)  0.100
 118 C   1.00000 0.00000 0.00000 ( 1)  0.100
 119 S   1.00000 0.00000 0.00000 ( 1)  0.100
 120 G   1.00000 0.00000 0.00000 ( 1)  0.100
 121 S   0.99977 0.00014 0.00009 ( 1)  0.100
 122 L   1.00000 0.00000 0.00000 ( 1)  0.100
 123 P   1.00000 0.00000 0.00000 ( 1)  0.100
 124 S   1.00000 0.00000 0.00000 ( 1)  0.100
 125 I   1.00000 0.00000 0.00000 ( 1)  0.100
 126 N   1.00000 0.00000 0.00000 ( 1)  0.100
 127 D   1.00000 0.00000 0.00000 ( 1)  0.100
 128 C   1.00000 0.00000 0.00000 ( 1)  0.100
 129 F   1.00000 0.00000 0.00000 ( 1)  0.100

Positively selected sites

	Prob(w>1)  mean w



lnL = -16527.011357

Bayes Empirical Bayes (BEB) probabilities for 3 classes (class) & postmean_w
(amino acids refer to 1st sequence: Stomoxys_calcitrans_XM_059368529)

   1 M   0.00020 0.99978 0.00001 ( 2)  1.000 +-  0.012
   2 A   1.00000 0.00000 0.00000 ( 1)  0.150 +-  0.000
   3 A   1.00000 0.00000 0.00000 ( 1)  0.150 +-  0.001
   4 P   1.00000 0.00000 0.00000 ( 1)  0.150 +-  0.000
   5 A   1.00000 0.00000 0.00000 ( 1)  0.150 +-  0.000
   6 F   0.00027 0.99973 0.00000 ( 2)  1.000 +-  0.014
   7 G   1.00000 0.00000 0.00000 ( 1)  0.150 +-  0.000
   8 R   1.00000 0.00000 0.00000 ( 1)  0.150 +-  0.000
   9 T   1.00000 0.00000 0.00000 ( 1)  0.150 +-  0.000
  10 M   1.00000 0.00000 0.00000 ( 1)  0.150 +-  0.000
  11 T   1.00000 0.00000 0.00000 ( 1)  0.150 +-  0.000
  12 R   1.00000 0.00000 0.00000 ( 1)  0.150 +-  0.000
  13 C   1.00000 0.00000 0.00000 ( 1)  0.150 +-  0.000
  14 S   1.00000 0.00000 0.00000 ( 1)  0.150 +-  0.000
  15 L   1.00000 0.00000 0.00000 ( 1)  0.150 +-  0.000
  16 A   1.00000 0.00000 0.00000 ( 1)  0.150 +-  0.000
  17 R   1.00000 0.00000 0.00000 ( 1)  0.150 +-  0.000
  18 E   1.00000 0.00000 0.00000 ( 1)  0.150 +-  0.000
  19 M   1.00000 0.00000 0.00000 ( 1)  0.150 +-  0.000
  20 Y   1.00000 0.00000 0.00000 ( 1)  0.150 +-  0.000
  21 A   1.00000 0.00000 0.00000 ( 1)  0.150 +-  0.000
  22 L   1.00000 0.00000 0.00000 ( 1)  0.150 +-  0.000
  23 G   1.00000 0.00000 0.00000 ( 1)  0.150 +-  0.000
  24 V   1.00000 0.00000 0.00000 ( 1)  0.150 +-  0.000
  25 P   1.00000 0.00000 0.00000 ( 1)  0.150 +-  0.000
  26 K   1.00000 0.00000 0.00000 ( 1)  0.150 +-  0.000
  27 S   1.00000 0.00000 0.00000 ( 1)  0.150 +-  0.000
  28 E   1.00000 0.00000 0.00000 ( 1)  0.150 +-  0.000
  29 L   1.00000 0.00000 0.00000 ( 1)  0.150 +-  0.000
  30 P   1.00000 0.00000 0.00000 ( 1)  0.150 +-  0.000
  31 Q   1.00000 0.00000 0.00000 ( 1)  0.150 +-  0.000
  32 W   1.00000 0.00000 0.00000 ( 1)  0.150 +-  0.000
  33 T   1.00000 0.00000 0.00000 ( 1)  0.150 +-  0.000
  34 C   1.00000 0.00000 0.00000 ( 1)  0.150 +-  0.000
  35 I   1.00000 0.00000 0.00000 ( 1)  0.150 +-  0.000
  36 A   1.00000 0.00000 0.00000 ( 1)  0.150 +-  0.000
  37 E   1.00000 0.00000 0.00000 ( 1)  0.150 +-  0.000
  38 H   1.00000 0.00000 0.00000 ( 1)  0.150 +-  0.000
  39 E   1.00000 0.00000 0.00000 ( 1)  0.150 +-  0.000
  40 S   1.00000 0.00000 0.00000 ( 1)  0.150 +-  0.000
  41 S   0.99999 0.00001 0.00000 ( 1)  0.150 +-  0.002
  42 Y   1.00000 0.00000 0.00000 ( 1)  0.150 +-  0.000
  43 R   1.00000 0.00000 0.00000 ( 1)  0.150 +-  0.000
  44 T   1.00000 0.00000 0.00000 ( 1)  0.150 +-  0.000
  45 N   0.99997 0.00003 0.00000 ( 1)  0.150 +-  0.005
  46 V   1.00000 0.00000 0.00000 ( 1)  0.150 +-  0.000
  47 V   1.00000 0.00000 0.00000 ( 1)  0.150 +-  0.000
  48 G   1.00000 0.00000 0.00000 ( 1)  0.150 +-  0.000
  49 P   1.00000 0.00000 0.00000 ( 1)  0.150 +-  0.000
  50 T   1.00000 0.00000 0.00000 ( 1)  0.150 +-  0.000
  51 N   1.00000 0.00000 0.00000 ( 1)  0.150 +-  0.000
  52 S   1.00000 0.00000 0.00000 ( 1)  0.150 +-  0.000
  53 N   1.00000 0.00000 0.00000 ( 1)  0.150 +-  0.000
  54 G   1.00000 0.00000 0.00000 ( 1)  0.150 +-  0.000
  55 S   1.00000 0.00000 0.00000 ( 1)  0.150 +-  0.000
  56 N   1.00000 0.00000 0.00000 ( 1)  0.150 +-  0.000
  57 D   1.00000 0.00000 0.00000 ( 1)  0.150 +-  0.000
  58 Y   1.00000 0.00000 0.00000 ( 1)  0.150 +-  0.000
  59 G   1.00000 0.00000 0.00000 ( 1)  0.150 +-  0.000
  60 I   1.00000 0.00000 0.00000 ( 1)  0.150 +-  0.000
  61 F   1.00000 0.00000 0.00000 ( 1)  0.150 +-  0.000
  62 Q   1.00000 0.00000 0.00000 ( 1)  0.150 +-  0.000
  63 I   1.00000 0.00000 0.00000 ( 1)  0.150 +-  0.000
  64 N   1.00000 0.00000 0.00000 ( 1)  0.150 +-  0.000
  65 N   1.00000 0.00000 0.00000 ( 1)  0.150 +-  0.000
  66 Y   1.00000 0.00000 0.00000 ( 1)  0.150 +-  0.000
  67 Y   1.00000 0.00000 0.00000 ( 1)  0.150 +-  0.000
  68 W   1.00000 0.00000 0.00000 ( 1)  0.150 +-  0.000
  69 C   1.00000 0.00000 0.00000 ( 1)  0.150 +-  0.000
  70 Q   1.00000 0.00000 0.00000 ( 1)  0.150 +-  0.000
  71 P   1.00000 0.00000 0.00000 ( 1)  0.150 +-  0.000
  72 A   1.00000 0.00000 0.00000 ( 1)  0.150 +-  0.000
  73 N   1.00000 0.00000 0.00000 ( 1)  0.150 +-  0.000
  74 G   1.00000 0.00000 0.00000 ( 1)  0.150 +-  0.000
  75 R   1.00000 0.00000 0.00000 ( 1)  0.150 +-  0.000
  76 F   1.00000 0.00000 0.00000 ( 1)  0.150 +-  0.000
  77 S   1.00000 0.00000 0.00000 ( 1)  0.150 +-  0.000
  78 Y   1.00000 0.00000 0.00000 ( 1)  0.150 +-  0.000
  79 N   1.00000 0.00000 0.00000 ( 1)  0.150 +-  0.000
  80 E   1.00000 0.00000 0.00000 ( 1)  0.150 +-  0.000
  81 C   1.00000 0.00000 0.00000 ( 1)  0.150 +-  0.000
  82 K   1.00000 0.00000 0.00000 ( 1)  0.150 +-  0.000
  83 L   1.00000 0.00000 0.00000 ( 1)  0.150 +-  0.000
  84 S   1.00000 0.00000 0.00000 ( 1)  0.150 +-  0.000
  85 C   1.00000 0.00000 0.00000 ( 1)  0.150 +-  0.000
  86 N   1.00000 0.00000 0.00000 ( 1)  0.150 +-  0.000
  87 N   1.00000 0.00000 0.00000 ( 1)  0.150 +-  0.000
  88 L   1.00000 0.00000 0.00000 ( 1)  0.150 +-  0.000
  89 L   1.00000 0.00000 0.00000 ( 1)  0.150 +-  0.000
  90 T   1.00000 0.00000 0.00000 ( 1)  0.150 +-  0.000
  91 D   1.00000 0.00000 0.00000 ( 1)  0.150 +-  0.000
  92 S   1.00000 0.00000 0.00000 ( 1)  0.150 +-  0.000
  93 I   1.00000 0.00000 0.00000 ( 1)  0.150 +-  0.000
  94 N   1.00000 0.00000 0.00000 ( 1)  0.150 +-  0.000
  95 D   1.00000 0.00000 0.00000 ( 1)  0.150 +-  0.000
  96 S   1.00000 0.00000 0.00000 ( 1)  0.150 +-  0.000
  97 V   1.00000 0.00000 0.00000 ( 1)  0.150 +-  0.000
  98 T   0.99998 0.00002 0.00000 ( 1)  0.150 +-  0.003
  99 C   1.00000 0.00000 0.00000 ( 1)  0.150 +-  0.000
 100 A   1.00000 0.00000 0.00000 ( 1)  0.150 +-  0.000
 101 R   1.00000 0.00000 0.00000 ( 1)  0.150 +-  0.000
 102 K   1.00000 0.00000 0.00000 ( 1)  0.150 +-  0.000
 103 I   1.00000 0.00000 0.00000 ( 1)  0.150 +-  0.000
 104 K   1.00000 0.00000 0.00000 ( 1)  0.150 +-  0.000
 105 S   1.00000 0.00000 0.00000 ( 1)  0.150 +-  0.000
 106 Q   1.00000 0.00000 0.00000 ( 1)  0.150 +-  0.000
 107 Q   1.00000 0.00000 0.00000 ( 1)  0.150 +-  0.000
 108 G   1.00000 0.00000 0.00000 ( 1)  0.150 +-  0.000
 109 W   1.00000 0.00000 0.00000 ( 1)  0.150 +-  0.000
 110 T   0.01641 0.98359 0.00000 ( 2)  0.986 +-  0.108
 111 A   1.00000 0.00000 0.00000 ( 1)  0.150 +-  0.000
 112 W   1.00000 0.00000 0.00000 ( 1)  0.150 +-  0.000
 113 S   1.00000 0.00000 0.00000 ( 1)  0.150 +-  0.000
 114 T   1.00000 0.00000 0.00000 ( 1)  0.150 +-  0.000
 115 W   1.00000 0.00000 0.00000 ( 1)  0.150 +-  0.000
 116 K   1.00000 0.00000 0.00000 ( 1)  0.150 +-  0.000
 117 Y   1.00000 0.00000 0.00000 ( 1)  0.150 +-  0.000
 118 C   1.00000 0.00000 0.00000 ( 1)  0.150 +-  0.000
 119 S   1.00000 0.00000 0.00000 ( 1)  0.150 +-  0.000
 120 G   1.00000 0.00000 0.00000 ( 1)  0.150 +-  0.000
 121 S   1.00000 0.00000 0.00000 ( 1)  0.150 +-  0.000
 122 L   1.00000 0.00000 0.00000 ( 1)  0.150 +-  0.000
 123 P   1.00000 0.00000 0.00000 ( 1)  0.150 +-  0.000
 124 S   1.00000 0.00000 0.00000 ( 1)  0.150 +-  0.000
 125 I   1.00000 0.00000 0.00000 ( 1)  0.150 +-  0.000
 126 N   1.00000 0.00000 0.00000 ( 1)  0.150 +-  0.000
 127 D   1.00000 0.00000 0.00000 ( 1)  0.150 +-  0.000
 128 C   1.00000 0.00000 0.00000 ( 1)  0.150 +-  0.000
 129 F   1.00000 0.00000 0.00000 ( 1)  0.150 +-  0.000

Positively selected sites

	Prob(w>1)  mean w

