Supplemental results for CODEML (seqf: ../lysc_aln.phy  treef: ../lysc_tree.nwk)

I	J	ij	2Ns_IJ	pMut_IJ	pSub_IJ	2Ns_JI	pMut_JI	pSub_JI

TTC	TTT	CT	-1.11248	0.06557	0.03573	1.11248	0.02156	0.03573
TTA	TTT	AT	0.62795	0.01169	0.01575	-0.62795	0.02191	0.01575
TTA	TTC	AC	1.74043	0.00862	0.01820	-1.74043	0.04913	0.01820
TTG	TTT	GT	-1.99208	0.07547	0.02375	1.99208	0.01029	0.02375
TTG	TTC	GC	-0.87960	0.05564	0.03471	0.87960	0.02309	0.03471
TTG	TTA	GA	-2.62003	0.21915	0.04508	2.62003	0.01595	0.04508
TCT	TTT	CT	-1.24387	0.07478	0.03767	1.24387	0.02156	0.03767
TCC	TTC	CT	-0.74697	0.10203	0.06862	0.74697	0.04834	0.06862
TCC	TCT	CT	-0.61557	0.10203	0.07383	0.61557	0.05513	0.07383
TCA	TTA	CT	-0.15968	0.01991	0.01836	0.15968	0.01697	0.01836
TCA	TCT	AT	1.71214	0.01011	0.02113	-1.71214	0.05603	0.02113
TCA	TCC	AC	2.32771	0.00746	0.01923	-2.32771	0.07645	0.01923
TCG	TTG	CT	1.27081	0.03073	0.05429	-1.27081	0.10953	0.05429
TCG	TCT	GT	0.52260	0.01561	0.02004	-0.52260	0.02633	0.02004
TCG	TCC	GC	1.13818	0.01151	0.01928	-1.13818	0.03592	0.01928
TCG	TCA	GA	-1.18954	0.04534	0.02360	1.18954	0.01380	0.02360
TAT	TTT	AT	-0.31290	0.02996	0.02552	0.31290	0.02191	0.02552
TAT	TCT	AC	0.93097	0.02209	0.03394	-0.93097	0.05603	0.03394
TAC	TTC	AT	0.05605	0.04646	0.04777	-0.05605	0.04913	0.04777
TAC	TCC	AC	0.80302	0.03425	0.04982	-0.80302	0.07645	0.04982
TAC	TAT	CT	-0.74353	0.09146	0.06163	0.74353	0.04348	0.06163
TGT	TTT	GT	-1.70830	0.05682	0.02148	1.70830	0.01029	0.02148
TGT	TCT	GC	-0.46443	0.04189	0.03291	0.46443	0.02633	0.03291
TGT	TAT	GA	-1.39540	0.16501	0.07582	1.39540	0.04088	0.07582
TGC	TTC	GT	-0.39097	0.03413	0.02789	0.39097	0.02309	0.02789
TGC	TCC	GC	0.35600	0.02516	0.02991	-0.35600	0.03592	0.02991
TGC	TAC	GA	-0.44702	0.09911	0.07861	0.44702	0.06339	0.07861
TGC	TGT	CT	0.20485	0.06719	0.07431	-0.20485	0.08247	0.07431
TGG	TTG	GT	-0.08059	0.05669	0.05444	0.08059	0.05230	0.05444
TGG	TCG	GC	-1.35140	0.04180	0.01973	1.35140	0.01082	0.01973
TGG	TGT	GT	-0.36437	0.05669	0.04699	0.36437	0.03938	0.04699
TGG	TGC	GC	-0.56922	0.04180	0.03102	0.56922	0.02366	0.03102
CTT	TTT	CT	1.75352	0.00373	0.00792	-1.75352	0.02156	0.00792
CTC	TTC	CT	3.39739	0.00162	0.00569	-3.39739	0.04834	0.00569
CTC	CTT	CT	0.53138	0.00162	0.00209	-0.53138	0.00275	0.00209
CTA	TTA	CT	1.58329	0.00348	0.00694	-1.58329	0.01697	0.00694
CTA	CTT	AT	0.45771	0.00177	0.00221	-0.45771	0.00280	0.00221
CTA	CTC	AC	-0.07367	0.00130	0.00126	0.07367	0.00121	0.00126
CTG	TTG	CT	2.80991	0.00659	0.01972	-2.80991	0.10953	0.01972
CTG	CTT	GT	-0.93570	0.00335	0.00202	0.93570	0.00131	0.00202
CTG	CTC	GC	-1.46708	0.00247	0.00109	1.46708	0.00057	0.00109
CTG	CTA	GA	-1.39341	0.00973	0.00448	1.39341	0.00241	0.00448
CCT	TCT	CT	0.28860	0.04131	0.04756	-0.28860	0.05513	0.04756
CCT	CTT	CT	-2.70880	0.04131	0.00799	2.70880	0.00275	0.00799
CCC	TCC	CT	0.33833	0.05363	0.06321	-0.33833	0.07522	0.06321
CCC	CTC	CT	-3.80602	0.05363	0.00464	3.80602	0.00119	0.00464
CCC	CCT	CT	-0.56584	0.05363	0.03988	0.56584	0.03045	0.03988
CCA	TCA	CT	-0.20642	0.01804	0.01624	0.20642	0.01468	0.01624
CCA	CTA	CT	-1.94939	0.01804	0.00584	1.94939	0.00257	0.00584
CCA	CCT	AT	1.21712	0.00916	0.01585	-1.21712	0.03095	0.01585
CCA	CCC	AC	1.78296	0.00676	0.01448	-1.78296	0.04018	0.01448
CCG	TCG	CT	1.54096	0.00485	0.00952	-1.54096	0.02266	0.00952
CCG	CTG	CT	0.00187	0.00485	0.00486	-0.00187	0.00486	0.00486
CCG	CCT	GT	1.77497	0.00246	0.00527	-1.77497	0.01454	0.00527
CCG	CCC	GC	2.34081	0.00182	0.00471	-2.34081	0.01888	0.00471
CCG	CCA	GA	0.55785	0.00716	0.00934	-0.55785	0.01250	0.00934
CAT	TAT	CT	0.58848	0.02414	0.03193	-0.58848	0.04348	0.03193
CAT	CTT	AT	-1.47794	0.01226	0.00536	1.47794	0.00280	0.00536
CAT	CCT	AC	1.23086	0.00904	0.01572	-1.23086	0.03095	0.01572
CAC	TAC	CT	1.45872	0.01568	0.02980	-1.45872	0.06742	0.02980
CAC	CTC	AT	-1.88261	0.00796	0.00269	1.88261	0.00121	0.00269
CAC	CCC	AC	1.92341	0.00587	0.01322	-1.92341	0.04018	0.01322
CAC	CAT	CT	0.12671	0.01568	0.01669	-0.12671	0.01780	0.01669
CAA	CTA	AT	-2.87075	0.04608	0.00794	2.87075	0.00261	0.00794
CAA	CCA	AC	-0.92136	0.03397	0.02069	0.92136	0.01352	0.02069
CAA	CAT	AT	-0.93510	0.04608	0.02784	0.93510	0.01809	0.02784
CAA	CAC	AC	-1.06181	0.03397	0.01907	1.06181	0.01175	0.01907
CAG	CTG	AT	-0.48518	0.00803	0.00624	0.48518	0.00494	0.00624
CAG	CCG	AC	-0.48704	0.00592	0.00459	0.48704	0.00364	0.00459
CAG	CAT	GT	0.05707	0.00803	0.00826	-0.05707	0.00850	0.00826
CAG	CAC	GC	-0.06964	0.00592	0.00571	0.06964	0.00552	0.00571
CAG	CAA	GA	0.99217	0.02331	0.03676	-0.99217	0.06287	0.03676
CGT	TGT	CT	0.37832	0.05649	0.06785	-0.37832	0.08247	0.06785
CGT	CTT	GT	-3.08350	0.02869	0.00425	3.08350	0.00131	0.00425
CGT	CCT	GC	-0.37470	0.02115	0.01744	0.37470	0.01454	0.01744
CGT	CAT	GA	-1.60556	0.08333	0.03361	1.60556	0.01673	0.03361
CGC	TGC	CT	0.25336	0.03845	0.04352	-0.25336	0.04954	0.04352
CGC	CTC	GT	-3.53499	0.01953	0.00207	3.53499	0.00057	0.00207
CGC	CCC	GC	0.27103	0.01440	0.01644	-0.27103	0.01888	0.01644
CGC	CAC	GA	-1.65238	0.05671	0.02221	1.65238	0.01087	0.02221
CGC	CGT	CT	0.07989	0.03845	0.04000	-0.07989	0.04165	0.04000
CGA	CTA	GT	0.40065	0.00082	0.00100	-0.40065	0.00123	0.00100
CGA	CCA	GC	2.35005	0.00061	0.00157	-2.35005	0.00635	0.00157
CGA	CAA	GA	3.27140	0.00239	0.00811	-3.27140	0.06287	0.00811
CGA	CGT	AT	3.94187	0.00082	0.00330	-3.94187	0.04233	0.00330
CGA	CGC	AC	3.86198	0.00061	0.00239	-3.86198	0.02881	0.00239
CGG	TGG	CT	3.60382	0.00224	0.00830	-3.60382	0.08228	0.00830
CGG	CTG	GT	0.71332	0.00114	0.00159	-0.71332	0.00232	0.00159
CGG	CCG	GC	0.71145	0.00084	0.00117	-0.71145	0.00171	0.00117
CGG	CAG	GA	1.19849	0.00330	0.00567	-1.19849	0.01095	0.00567
CGG	CGT	GT	2.86112	0.00114	0.00345	-2.86112	0.01989	0.00345
CGG	CGC	GC	2.78123	0.00084	0.00249	-2.78123	0.01354	0.00249
CGG	CGA	GA	-1.08074	0.00330	0.00183	1.08074	0.00112	0.00183
ATT	TTT	AT	-0.56022	0.03836	0.02862	0.56022	0.02191	0.02862
ATT	CTT	AC	-2.31375	0.02828	0.00718	2.31375	0.00280	0.00718
ATC	TTC	AT	0.69749	0.02446	0.03397	-0.69749	0.04913	0.03397
ATC	CTC	AC	-2.69989	0.01803	0.00351	2.69989	0.00121	0.00351
ATC	ATT	CT	0.14524	0.04815	0.05174	-0.14524	0.05568	0.05174
ATA	TTA	AT	1.45019	0.00405	0.00766	-1.45019	0.01725	0.00766
ATA	CTA	AC	-0.13309	0.00298	0.00279	0.13309	0.00261	0.00279
ATA	ATT	AT	2.63836	0.00405	0.01149	-2.63836	0.05659	0.01149
ATA	ATC	AC	2.49313	0.00298	0.00810	-2.49313	0.03608	0.00810
ATG	TTG	AT	1.94435	0.01593	0.03614	-1.94435	0.11132	0.03614
ATG	CTG	AC	-0.86555	0.01174	0.00738	0.86555	0.00494	0.00738
ATG	ATT	GT	0.51250	0.01593	0.02036	-0.51250	0.02659	0.02036
ATG	ATC	GC	0.36726	0.01174	0.01403	-0.36726	0.01695	0.01403
ATG	ATA	GA	-2.12587	0.04625	0.01332	2.12587	0.00552	0.01332
ACT	TCT	AT	0.64313	0.02945	0.03993	-0.64313	0.05603	0.03993
ACT	CCT	AC	0.35453	0.02171	0.02579	-0.35453	0.03095	0.02579
ACT	ATT	CT	-0.04052	0.05798	0.05682	0.04052	0.05568	0.05682
ACC	TCC	AT	0.64755	0.04001	0.05435	-0.64755	0.07645	0.05435
ACC	CCC	AC	0.30922	0.02949	0.03429	-0.30922	0.04018	0.03429
ACC	ATC	CT	-0.79691	0.07876	0.05150	0.79691	0.03550	0.05150
ACC	ACT	CT	-0.61115	0.07876	0.05713	0.61115	0.04275	0.05713
ACA	TCA	AT	0.95303	0.00575	0.00892	-0.95303	0.01492	0.00892
ACA	CCA	AC	1.15946	0.00424	0.00716	-1.15946	0.01352	0.00716
ACA	ATA	CT	-0.65684	0.01132	0.00801	0.65684	0.00587	0.00801
ACA	ACT	AT	2.02205	0.00575	0.01340	-2.02205	0.04345	0.01340
ACA	ACC	AC	2.63319	0.00424	0.01203	-2.63319	0.05902	0.01203
ACG	TCG	AT	2.46412	0.00196	0.00528	-2.46412	0.02303	0.00528
ACG	CCG	AC	0.92316	0.00144	0.00221	-0.92316	0.00364	0.00221
ACG	ATG	CT	1.79058	0.00386	0.00829	-1.79058	0.02312	0.00829
ACG	ACT	GT	2.34360	0.00196	0.00508	-2.34360	0.02041	0.00508
ACG	ACC	GC	2.95475	0.00144	0.00450	-2.95475	0.02773	0.00450
ACG	ACA	GA	0.32155	0.00569	0.00665	-0.32155	0.00785	0.00665
AAT	TAT	AT	-0.07679	0.04772	0.04591	0.07679	0.04419	0.04591
AAT	CAT	AC	-0.66528	0.03518	0.02477	0.66528	0.01809	0.02477
AAT	ATT	AT	0.17053	0.04772	0.05190	-0.17053	0.05659	0.05190
AAT	ACT	AC	0.21105	0.03518	0.03902	-0.21105	0.04345	0.03902
AAC	TAC	AT	0.23632	0.05410	0.06075	-0.23632	0.06853	0.06075
AAC	CAC	AC	-1.22240	0.03989	0.02035	1.22240	0.01175	0.02035
AAC	ATC	AT	-0.40513	0.05410	0.04388	0.40513	0.03608	0.04388
AAC	ACC	AC	0.39178	0.03989	0.04821	-0.39178	0.05902	0.04821
AAC	AAT	CT	-0.43042	0.10651	0.08523	0.43042	0.06926	0.08523
AAA	CAA	AC	0.86526	0.02861	0.04275	-0.86526	0.06797	0.04275
AAA	ATA	AT	-1.87239	0.03881	0.01320	1.87239	0.00597	0.01320
AAA	ACA	AC	-1.21555	0.02861	0.01466	1.21555	0.00848	0.01466
AAA	AAT	AT	0.59544	0.03881	0.05150	-0.59544	0.07039	0.05150
AAA	AAC	AC	1.02586	0.02861	0.04575	-1.02586	0.07981	0.04575
AAG	CAG	AC	-0.80962	0.02661	0.01727	0.80962	0.01184	0.01727
AAG	ATG	AT	-0.42924	0.03609	0.02890	0.42924	0.02349	0.02890
AAG	ACG	AC	-2.21982	0.02661	0.00720	2.21982	0.00289	0.00720
AAG	AAT	GT	-0.08727	0.03609	0.03454	0.08727	0.03307	0.03454
AAG	AAC	GC	0.34314	0.02661	0.03143	-0.34314	0.03750	0.03143
AAG	AAA	GA	-0.68272	0.10480	0.07307	0.68272	0.05295	0.07307
AGT	TGT	AT	1.63704	0.01631	0.03314	-1.63704	0.08382	0.03314
AGT	CGT	AC	1.25872	0.01202	0.02113	-1.25872	0.04233	0.02113
AGT	ATT	GT	0.48897	0.01631	0.02062	-0.48897	0.02659	0.02062
AGT	ACT	GC	0.52949	0.01202	0.01548	-0.52949	0.02041	0.01548
AGT	AAT	GA	0.31844	0.04735	0.05529	-0.31844	0.06511	0.05529
AGC	TGC	AT	0.57773	0.02825	0.03719	-0.57773	0.05035	0.03719
AGC	CGC	AC	0.32437	0.02083	0.02439	-0.32437	0.02881	0.02439
AGC	ATC	GT	-0.51074	0.02825	0.02165	0.51074	0.01695	0.02165
AGC	ACC	GC	0.28617	0.02083	0.02395	-0.28617	0.02773	0.02395
AGC	AAC	GA	-0.10561	0.08204	0.07779	0.10561	0.07382	0.07779
AGC	AGT	CT	-0.85446	0.05562	0.03520	0.85446	0.02367	0.03520
AGA	CGA	AC	-1.30582	0.00447	0.00217	1.30582	0.00121	0.00217
AGA	ATA	GT	-0.77207	0.00607	0.00402	0.77207	0.00280	0.00402
AGA	ACA	GC	-0.11523	0.00447	0.00422	0.11523	0.00399	0.00422
AGA	AAA	GA	1.10033	0.01762	0.02906	-1.10033	0.05295	0.02906
AGA	AGT	AT	1.37733	0.00607	0.01118	-1.37733	0.02405	0.01118
AGA	AGC	AC	2.23179	0.00447	0.01118	-2.23179	0.04167	0.01118
AGG	TGG	AT	3.40359	0.00278	0.00979	-3.40359	0.08363	0.00979
AGG	CGG	AC	-0.20023	0.00205	0.00185	0.20023	0.00168	0.00185
AGG	ATG	GT	1.37864	0.00278	0.00513	-1.37864	0.01104	0.00513
AGG	ACG	GC	-0.41194	0.00205	0.00166	0.41194	0.00136	0.00166
AGG	AAG	GA	1.80788	0.00808	0.01746	-1.80788	0.04924	0.01746
AGG	AGT	GT	1.40217	0.00278	0.00517	-1.40217	0.01130	0.00517
AGG	AGC	GC	2.25663	0.00205	0.00517	-2.25663	0.01958	0.00517
AGG	AGA	GA	0.02484	0.00808	0.00818	-0.02484	0.00828	0.00818
GTT	TTT	GT	-0.86802	0.02452	0.01540	0.86802	0.01029	0.01540
GTT	CTT	GC	-2.62155	0.01808	0.00372	2.62155	0.00131	0.00372
GTT	ATT	GA	-0.30780	0.07121	0.06082	0.30780	0.05235	0.06082
GTC	TTC	GT	1.04079	0.00815	0.01312	-1.04079	0.02309	0.01312
GTC	CTC	GC	-2.35660	0.00601	0.00148	2.35660	0.00057	0.00148
GTC	ATC	GA	0.34329	0.02368	0.02797	-0.34329	0.03337	0.02797
GTC	GTT	CT	0.79633	0.01605	0.02328	-0.79633	0.03559	0.02328
GTA	TTA	GT	-0.64750	0.01549	0.01101	0.64750	0.00810	0.01101
GTA	CTA	GC	-2.23079	0.01142	0.00307	2.23079	0.00123	0.00307
GTA	ATA	GA	-2.09770	0.04497	0.01320	2.09770	0.00552	0.01320
GTA	GTT	AT	0.84847	0.01549	0.02297	-0.84847	0.03617	0.02297
GTA	GTC	AC	0.05214	0.01142	0.01172	-0.05214	0.01203	0.01172
GTG	TTG	GT	1.37135	0.01327	0.02439	-1.37135	0.05230	0.02439
GTG	CTG	GC	-1.43855	0.00979	0.00438	1.43855	0.00232	0.00438
GTG	ATG	GA	-0.57300	0.03854	0.02855	0.57300	0.02173	0.02855
GTG	GTT	GT	0.24730	0.01327	0.01498	-0.24730	0.01700	0.01498
GTG	GTC	GC	-0.54903	0.00979	0.00734	0.54903	0.00565	0.00734
GTG	GTA	GA	-0.60117	0.03854	0.02811	0.60117	0.02113	0.02811
GCT	TCT	GT	-0.69544	0.05278	0.03653	0.69544	0.02633	0.03653
GCT	CCT	GC	-0.98403	0.03891	0.02285	0.98403	0.01454	0.02285
GCT	ACT	GA	-1.33857	0.15326	0.07291	1.33857	0.04019	0.07291
GCT	GTT	CT	-1.07129	0.10390	0.05800	1.07129	0.03559	0.05800
GCC	TCC	GT	-0.42118	0.05473	0.04401	0.42118	0.03592	0.04401
GCC	CCC	GC	-0.75951	0.04035	0.02695	0.75951	0.01888	0.02695
GCC	ACC	GA	-1.06874	0.15895	0.08886	1.06874	0.05459	0.08886
GCC	GTC	CT	-2.20894	0.10776	0.02936	2.20894	0.01183	0.02936
GCC	GCT	CT	-0.34132	0.10776	0.09041	0.34132	0.07660	0.09041
GCA	TCA	GT	-0.02763	0.00721	0.00711	0.02763	0.00701	0.00711
GCA	CCA	GC	0.17880	0.00531	0.00580	-0.17880	0.00635	0.00580
GCA	ACA	GA	-0.98066	0.02092	0.01231	0.98066	0.00785	0.01231
GCA	GTA	CT	0.46020	0.01418	0.01770	-0.46020	0.02247	0.01770
GCA	GCT	AT	2.37995	0.00721	0.01890	-2.37995	0.07785	0.01890
GCA	GCC	AC	2.72127	0.00531	0.01547	-2.72127	0.08074	0.01547
GCG	TCG	GT	2.14705	0.00126	0.00307	-2.14705	0.01082	0.00307
GCG	CCG	GC	0.60609	0.00093	0.00124	-0.60609	0.00171	0.00124
GCG	ACG	GA	-0.31707	0.00367	0.00312	0.31707	0.00267	0.00312
GCG	GTG	CT	2.04651	0.00249	0.00585	-2.04651	0.01926	0.00585
GCG	GCT	GT	3.36510	0.00126	0.00441	-3.36510	0.03658	0.00441
GCG	GCC	GC	3.70642	0.00093	0.00354	-3.70642	0.03794	0.00354
GCG	GCA	GA	0.98515	0.00367	0.00577	-0.98515	0.00983	0.00577
GAT	TAT	GT	-0.89996	0.05107	0.03149	0.89996	0.02076	0.03149
GAT	CAT	GC	-1.48844	0.03765	0.01634	1.48844	0.00850	0.01634
GAT	AAT	GA	-0.82317	0.14830	0.09555	0.82317	0.06511	0.09555
GAT	GTT	AT	-0.34484	0.05107	0.04277	0.34484	0.03617	0.04277
GAT	GCT	AC	0.72645	0.03765	0.05297	-0.72645	0.07785	0.05297
GAC	TAC	GT	0.62747	0.01719	0.02315	-0.62747	0.03220	0.02315
GAC	CAC	GC	-0.83126	0.01267	0.00813	0.83126	0.00552	0.00813
GAC	AAC	GA	0.39115	0.04992	0.06032	-0.39115	0.07382	0.06032
GAC	GTC	AT	-0.35727	0.01719	0.01430	0.35727	0.01203	0.01430
GAC	GCC	AC	1.85167	0.01267	0.02784	-1.85167	0.08074	0.02784
GAC	GAT	CT	0.78390	0.03384	0.04883	-0.78390	0.07412	0.04883
GAA	CAA	GC	0.03618	0.03080	0.03136	-0.03618	0.03193	0.03136
GAA	AAA	GA	-0.82908	0.12132	0.07790	0.82908	0.05295	0.07790
GAA	GTA	AT	-0.60378	0.04178	0.03043	0.60378	0.02284	0.03043
GAA	GCA	AC	-1.06397	0.03080	0.01727	1.06397	0.01063	0.01727
GAA	GAT	AT	0.58953	0.04178	0.05530	-0.58953	0.07533	0.05530
GAA	GAC	AC	-0.19437	0.03080	0.02790	0.19437	0.02536	0.02790
GAG	CAG	GC	-0.00504	0.00559	0.00558	0.00504	0.00556	0.00558
GAG	AAG	GA	0.80458	0.02203	0.03206	-0.80458	0.04924	0.03206
GAG	GTG	AT	0.94833	0.00758	0.01174	-0.94833	0.01958	0.01174
GAG	GCG	AC	-1.09818	0.00559	0.00307	1.09818	0.00186	0.00307
GAG	GAT	GT	1.54047	0.00758	0.01487	-1.54047	0.03540	0.01487
GAG	GAC	GC	0.75657	0.00559	0.00797	-0.75657	0.01192	0.00797
GAG	GAA	GA	0.95094	0.02203	0.03413	-0.95094	0.05700	0.03413
GGT	TGT	GT	-0.23735	0.04993	0.04424	0.23735	0.03938	0.04424
GGT	CGT	GC	-0.61567	0.03681	0.02663	0.61567	0.01989	0.02663
GGT	AGT	GA	-1.87439	0.14500	0.04926	1.87439	0.02225	0.04926
GGT	GTT	GT	-1.07763	0.04993	0.02777	1.07763	0.01700	0.02777
GGT	GCT	GC	-0.00634	0.03681	0.03669	0.00634	0.03658	0.03669
GGT	GAT	GA	-0.73279	0.14500	0.09830	0.73279	0.06968	0.09830
GGC	TGC	GT	-0.22136	0.02952	0.02637	0.22136	0.02366	0.02637
GGC	CGC	GC	-0.47473	0.02176	0.01700	0.47473	0.01354	0.01700
GGC	AGC	GA	-0.79909	0.08571	0.05598	0.79909	0.03855	0.05598
GGC	GTC	GT	-1.65312	0.02952	0.01155	1.65312	0.00565	0.01155
GGC	GCC	GC	0.55582	0.02176	0.02836	-0.55582	0.03794	0.02836
GGC	GAC	GA	-1.29585	0.08571	0.04185	1.29585	0.02346	0.04185
GGC	GGT	CT	0.22084	0.05811	0.06476	-0.22084	0.07247	0.06476
GGA	CGA	GC	-2.60878	0.00773	0.00160	2.60878	0.00057	0.00160
GGA	AGA	GA	-1.30296	0.03047	0.01481	1.30296	0.00828	0.01481
GGA	GTA	GT	0.02267	0.01049	0.01061	-0.02267	0.01073	0.01061
GGA	GCA	GC	-0.43753	0.00773	0.00617	0.43753	0.00499	0.00617
GGA	GAA	GA	0.62644	0.03047	0.04100	-0.62644	0.05700	0.04100
GGA	GGT	AT	1.94876	0.01049	0.02384	-1.94876	0.07365	0.02384
GGA	GGC	AC	1.72793	0.00773	0.01625	-1.72793	0.04354	0.01625
GGG	TGG	GT	4.12987	0.00063	0.00265	-4.12987	0.03929	0.00265
GGG	CGG	GC	0.52605	0.00047	0.00060	-0.52605	0.00079	0.00060
GGG	AGG	GA	0.72628	0.00184	0.00258	-0.72628	0.00379	0.00258
GGG	GTG	GT	2.67792	0.00063	0.00182	-2.67792	0.00920	0.00182
GGG	GCG	GC	0.63141	0.00047	0.00063	-0.63141	0.00088	0.00063
GGG	GAG	GA	1.72959	0.00184	0.00386	-1.72959	0.01035	0.00386
GGG	GGT	GT	4.00285	0.00063	0.00258	-4.00285	0.03461	0.00258
GGG	GGC	GC	3.78201	0.00047	0.00180	-3.78201	0.02046	0.00180
GGG	GGA	GA	2.05408	0.00184	0.00432	-2.05408	0.01432	0.00432


Histograms
2Ns	FMut	FSub(CodonUsage)	FSubw(after w)

-3.93321	0.01405	0.00137
-3.53989	0.01977	0.00267
-3.14657	0.00765	0.00133
-2.75325	0.04482	0.01079
-2.35992	0.03209	0.01009
-1.96660	0.05754	0.02330
-1.57328	0.05988	0.03062
-1.17996	0.09941	0.06457
-0.78664	0.16882	0.13932
-0.39332	0.16112	0.16307
0.00000	0.08582	0.10570
0.39332	0.11019	0.16307
0.78664	0.07945	0.13932
1.17996	0.03096	0.06457
1.57328	0.01261	0.03062
1.96660	0.00839	0.02330
2.35992	0.00320	0.01009
2.75325	0.00303	0.01079
3.14657	0.00033	0.00133
3.53989	0.00060	0.00267
3.93321	0.00028	0.00137

Proportion of advantageous (S > 0) mutations:
 0.29002

Proportions of good & bad mutations (|S| > 2.0000) among mutations:
0.00887  0.12986

mean |Ns| = 1.05503	mean Ns+ = 0.67421	mean Ns- = -1.21060


MLEs of dN/dS (w) for site classes (K=5)

p:   0.25000  0.25000  0.25000  0.25000  0.00001
w:   0.00573  0.04198  0.11853  0.29375  2.34271
(note that p[4] is zero)


Naive Empirical Bayes (NEB) probabilities for 5 classes & postmean_w & P(w>1)
(amino acids refer to 1st sequence: Stomoxys_calcitrans_XM_059368529)

   1 M   0.00000 0.00000 0.00000 1.00000 0.00000 ( 4)  0.294  0.000
   2 A   0.00000 0.00000 0.00010 0.99990 0.00000 ( 4)  0.294  0.000
   3 A   0.00000 0.00000 0.00008 0.99992 0.00000 ( 4)  0.294  0.000
   4 P   0.00000 0.00001 0.45264 0.54736 0.00000 ( 4)  0.214  0.000
   5 A   0.00000 0.00000 0.00481 0.99519 0.00000 ( 4)  0.293  0.000
   6 F   0.00000 0.00000 0.00000 1.00000 0.00000 ( 4)  0.294  0.000
   7 G   0.00000 0.00122 0.95306 0.04572 0.00000 ( 3)  0.126  0.000
   8 R   0.00000 0.06261 0.93726 0.00013 0.00000 ( 3)  0.114  0.000
   9 T   0.00000 0.18399 0.81600 0.00001 0.00000 ( 3)  0.104  0.000
  10 M   0.00000 0.00148 0.99807 0.00045 0.00000 ( 3)  0.118  0.000
  11 T   0.00000 0.00009 0.98025 0.01966 0.00000 ( 3)  0.122  0.000
  12 R   0.43570 0.56235 0.00195 0.00000 0.00000 ( 2)  0.026  0.000
  13 C   0.53962 0.45967 0.00071 0.00000 0.00000 ( 1)  0.022  0.000
  14 S   0.00136 0.88203 0.11661 0.00000 0.00000 ( 2)  0.051  0.000
  15 L   0.12522 0.79472 0.08002 0.00004 0.00000 ( 2)  0.044  0.000
  16 A   0.01110 0.94589 0.04300 0.00000 0.00000 ( 2)  0.045  0.000
  17 R   0.00000 0.00000 0.97894 0.02105 0.00000 ( 3)  0.122  0.000
  18 E   0.00000 0.01368 0.98206 0.00425 0.00000 ( 3)  0.118  0.000
  19 M   0.03296 0.96626 0.00078 0.00000 0.00000 ( 2)  0.041  0.000
  20 Y   0.00000 0.00012 0.99653 0.00335 0.00000 ( 3)  0.119  0.000
  21 A   0.00000 0.00000 0.24732 0.75268 0.00000 ( 4)  0.250  0.000
  22 L   0.00016 0.72944 0.27039 0.00001 0.00000 ( 2)  0.063  0.000
  23 G   0.96891 0.03107 0.00003 0.00000 0.00000 ( 1)  0.007  0.000
  24 V   0.10663 0.88664 0.00673 0.00000 0.00000 ( 2)  0.039  0.000
  25 P   0.09860 0.89354 0.00786 0.00000 0.00000 ( 2)  0.039  0.000
  26 K   0.01123 0.94459 0.04417 0.00000 0.00000 ( 2)  0.045  0.000
  27 S   0.00000 0.33743 0.66255 0.00002 0.00000 ( 3)  0.093  0.000
  28 E   0.00000 0.19227 0.80734 0.00039 0.00000 ( 3)  0.104  0.000
  29 L   0.91328 0.08604 0.00067 0.00000 0.00000 ( 1)  0.009  0.000
  30 P   0.00000 0.24963 0.75020 0.00017 0.00000 ( 3)  0.099  0.000
  31 Q   0.00000 0.19757 0.80132 0.00110 0.00000 ( 3)  0.104  0.000
  32 W   0.85760 0.13926 0.00314 0.00000 0.00000 ( 1)  0.011  0.000
  33 T   0.00533 0.98513 0.00954 0.00000 0.00000 ( 2)  0.043  0.000
  34 C   0.89789 0.10206 0.00005 0.00000 0.00000 ( 1)  0.009  0.000
  35 I   0.00243 0.95630 0.04127 0.00000 0.00000 ( 2)  0.045  0.000
  36 A   0.95800 0.04193 0.00006 0.00000 0.00000 ( 1)  0.007  0.000
  37 E   0.00000 0.02031 0.97926 0.00043 0.00000 ( 3)  0.117  0.000
  38 H   0.00031 0.99934 0.00036 0.00000 0.00000 ( 2)  0.042  0.000
  39 E   0.98442 0.01558 0.00000 0.00000 0.00000 ( 1)  0.006  0.000
  40 S   0.96871 0.03126 0.00003 0.00000 0.00000 ( 1)  0.007  0.000
  41 S   0.00000 0.00000 0.00011 0.99989 0.00000 ( 4)  0.294  0.000
  42 Y   0.00411 0.97874 0.01716 0.00000 0.00000 ( 2)  0.043  0.000
  43 R   0.00000 0.01105 0.98735 0.00161 0.00000 ( 3)  0.118  0.000
  44 T   0.93835 0.06164 0.00001 0.00000 0.00000 ( 1)  0.008  0.000
  45 N   0.00000 0.00000 0.00000 1.00000 0.00000 ( 4)  0.294  0.000
  46 V   0.00000 0.00221 0.99667 0.00112 0.00000 ( 3)  0.119  0.000
  47 V   0.00000 0.58988 0.41011 0.00000 0.00000 ( 2)  0.073  0.000
  48 G   0.00000 0.35082 0.64914 0.00004 0.00000 ( 3)  0.092  0.000
  49 P   0.00000 0.00494 0.98862 0.00644 0.00000 ( 3)  0.119  0.000
  50 T   0.00000 0.00000 0.32259 0.67740 0.00000 ( 4)  0.237  0.000
  51 N   0.92333 0.07664 0.00002 0.00000 0.00000 ( 1)  0.009  0.000
  52 S   0.00000 0.00000 0.03947 0.96053 0.00000 ( 4)  0.287  0.000
  53 N   0.00073 0.97255 0.02672 0.00000 0.00000 ( 2)  0.044  0.000
  54 G   0.84105 0.15872 0.00023 0.00000 0.00000 ( 1)  0.012  0.000
  55 S   0.01573 0.96286 0.02141 0.00000 0.00000 ( 2)  0.043  0.000
  56 N   0.00000 0.00118 0.99612 0.00270 0.00000 ( 3)  0.119  0.000
  57 D   0.99555 0.00445 0.00000 0.00000 0.00000 ( 1)  0.006  0.000
  58 Y   0.93744 0.06255 0.00001 0.00000 0.00000 ( 1)  0.008  0.000
  59 G   0.97473 0.02525 0.00001 0.00000 0.00000 ( 1)  0.007  0.000
  60 I   0.00340 0.97269 0.02391 0.00000 0.00000 ( 2)  0.044  0.000
  61 F   0.99316 0.00684 0.00000 0.00000 0.00000 ( 1)  0.006  0.000
  62 Q   0.89878 0.10015 0.00107 0.00000 0.00000 ( 1)  0.009  0.000
  63 I   0.94853 0.05146 0.00001 0.00000 0.00000 ( 1)  0.008  0.000
  64 N   0.98784 0.01216 0.00000 0.00000 0.00000 ( 1)  0.006  0.000
  65 N   0.00000 0.01659 0.98320 0.00021 0.00000 ( 3)  0.117  0.000
  66 Y   0.00000 0.00000 0.00242 0.99758 0.00000 ( 4)  0.293  0.000
  67 Y   0.89650 0.10344 0.00005 0.00000 0.00000 ( 1)  0.009  0.000
  68 W   0.85760 0.13926 0.00314 0.00000 0.00000 ( 1)  0.011  0.000
  69 C   0.97689 0.02310 0.00001 0.00000 0.00000 ( 1)  0.007  0.000
  70 Q   0.00000 0.01285 0.93857 0.04858 0.00000 ( 3)  0.126  0.000
  71 P   0.45417 0.54432 0.00151 0.00000 0.00000 ( 2)  0.026  0.000
  72 A   0.00000 0.00000 0.04471 0.95529 0.00000 ( 4)  0.286  0.000
  73 N   0.00000 0.00013 0.97635 0.02352 0.00000 ( 3)  0.123  0.000
  74 G   0.00000 0.07055 0.92915 0.00030 0.00000 ( 3)  0.113  0.000
  75 R   0.00000 0.00011 0.75384 0.24605 0.00000 ( 3)  0.162  0.000
  76 F   0.00000 0.02617 0.97364 0.00018 0.00000 ( 3)  0.117  0.000
  77 S   0.01087 0.94600 0.04313 0.00000 0.00000 ( 2)  0.045  0.000
  78 Y   0.00000 0.00668 0.99235 0.00097 0.00000 ( 3)  0.118  0.000
  79 N   0.00057 0.95581 0.04362 0.00000 0.00000 ( 2)  0.045  0.000
  80 E   0.00000 0.00003 0.91166 0.08831 0.00000 ( 3)  0.134  0.000
  81 C   0.98293 0.01707 0.00000 0.00000 0.00000 ( 1)  0.006  0.000
  82 K   0.00000 0.00000 0.00770 0.99230 0.00000 ( 4)  0.292  0.000
  83 L   0.00000 0.00080 0.97262 0.02658 0.00000 ( 3)  0.123  0.000
  84 S   0.00000 0.00000 0.46965 0.53035 0.00000 ( 4)  0.211  0.000
  85 C   0.97541 0.02458 0.00001 0.00000 0.00000 ( 1)  0.007  0.000
  86 N   0.00000 0.00000 0.54726 0.45274 0.00000 ( 3)  0.198  0.000
  87 N   0.00000 0.00000 0.04203 0.95797 0.00000 ( 4)  0.286  0.000
  88 L   0.06014 0.91397 0.02589 0.00000 0.00000 ( 2)  0.042  0.000
  89 L   0.93965 0.06013 0.00021 0.00000 0.00000 ( 1)  0.008  0.000
  90 T   0.00000 0.00235 0.99655 0.00110 0.00000 ( 3)  0.119  0.000
  91 D   0.39331 0.60654 0.00015 0.00000 0.00000 ( 2)  0.028  0.000
  92 S   0.00000 0.05694 0.94302 0.00004 0.00000 ( 3)  0.114  0.000
  93 I   0.88646 0.11347 0.00006 0.00000 0.00000 ( 1)  0.010  0.000
  94 N   0.00000 0.00000 0.00236 0.99764 0.00000 ( 4)  0.293  0.000
  95 D   0.00000 0.00000 0.15980 0.84020 0.00000 ( 4)  0.266  0.000
  96 S   0.00016 0.74760 0.25223 0.00001 0.00000 ( 2)  0.061  0.000
  97 V   0.02870 0.96541 0.00588 0.00000 0.00000 ( 2)  0.041  0.000
  98 T   0.00000 0.00000 0.00002 0.99998 0.00000 ( 4)  0.294  0.000
  99 C   0.97382 0.02616 0.00001 0.00000 0.00000 ( 1)  0.007  0.000
 100 A   0.71017 0.28777 0.00206 0.00000 0.00000 ( 1)  0.016  0.000
 101 R   0.00000 0.06984 0.92939 0.00077 0.00000 ( 3)  0.113  0.000
 102 K   0.00000 0.00000 0.16458 0.83542 0.00000 ( 4)  0.265  0.000
 103 I   0.00000 0.00431 0.99487 0.00082 0.00000 ( 3)  0.118  0.000
 104 K   0.00378 0.77786 0.21829 0.00007 0.00000 ( 2)  0.059  0.000
 105 S   0.00000 0.00000 0.00013 0.99987 0.00000 ( 4)  0.294  0.000
 106 Q   0.00000 0.00316 0.82290 0.17394 0.00000 ( 3)  0.149  0.000
 107 Q   0.00000 0.19564 0.80307 0.00128 0.00000 ( 3)  0.104  0.000
 108 G   0.84138 0.15839 0.00023 0.00000 0.00000 ( 1)  0.011  0.000
 109 W   0.00000 0.09602 0.87705 0.02693 0.00000 ( 3)  0.116  0.000
 110 T   0.00000 0.00000 0.00000 1.00000 0.00000 ( 4)  0.294  0.000
 111 A   0.70265 0.29508 0.00227 0.00000 0.00000 ( 1)  0.017  0.000
 112 W   0.85760 0.13926 0.00314 0.00000 0.00000 ( 1)  0.011  0.000
 113 S   0.00000 0.00460 0.98573 0.00967 0.00000 ( 3)  0.120  0.000
 114 T   0.00000 0.17231 0.82766 0.00002 0.00000 ( 3)  0.105  0.000
 115 W   0.08691 0.76936 0.14353 0.00021 0.00000 ( 2)  0.050  0.000
 116 K   0.00000 0.00358 0.99296 0.00346 0.00000 ( 3)  0.119  0.000
 117 Y   0.00000 0.00123 0.99425 0.00452 0.00000 ( 3)  0.119  0.000
 118 C   0.98230 0.01770 0.00000 0.00000 0.00000 ( 1)  0.006  0.000
 119 S   0.00000 0.00002 0.99147 0.00851 0.00000 ( 3)  0.120  0.000
 120 G   0.00001 0.48553 0.51441 0.00004 0.00000 ( 3)  0.081  0.000
 121 S   0.00000 0.00000 0.00000 1.00000 0.00000 ( 4)  0.294  0.000
 122 L   0.89181 0.10679 0.00139 0.00000 0.00000 ( 1)  0.010  0.000
 123 P   0.00000 0.05538 0.94417 0.00045 0.00000 ( 3)  0.114  0.000
 124 S   0.09187 0.90768 0.00045 0.00000 0.00000 ( 2)  0.039  0.000
 125 I   0.48809 0.51071 0.00120 0.00000 0.00000 ( 2)  0.024  0.000
 126 N   0.00000 0.00031 0.99446 0.00523 0.00000 ( 3)  0.119  0.000
 127 D   0.00000 0.00121 0.99800 0.00079 0.00000 ( 3)  0.119  0.000
 128 C   0.97498 0.02500 0.00001 0.00000 0.00000 ( 1)  0.007  0.000
 129 F   0.82748 0.17251 0.00001 0.00000 0.00000 ( 1)  0.012  0.000

Positively selected sites

	Prob(w>1)  mean w



lnL = -16158.808439

Bayes Empirical Bayes (BEB) probabilities for 11 classes (class) & postmean_w
(amino acids refer to 1st sequence: Stomoxys_calcitrans_XM_059368529)

   1 M   0.00000 0.00001 0.01143 0.20909 0.43380 0.26128 0.07183 0.01138 0.00113 0.00005 0.00000 ( 5)  0.471 +-  0.094
   2 A   0.00000 0.00511 0.49462 0.45041 0.04823 0.00160 0.00003 0.00000 0.00000 0.00000 0.00000 ( 3)  0.305 +-  0.060
   3 A   0.00000 0.00329 0.35700 0.52387 0.10792 0.00763 0.00028 0.00001 0.00000 0.00000 0.00000 ( 4)  0.326 +-  0.067
   4 P   0.00011 0.61859 0.36648 0.01464 0.00018 0.00000 0.00000 0.00000 0.00000 0.00000 0.00000 ( 2)  0.190 +-  0.052
   5 A   0.00000 0.05577 0.61555 0.29328 0.03357 0.00178 0.00006 0.00000 0.00000 0.00000 0.00000 ( 3)  0.281 +-  0.064
   6 F   0.00000 0.00000 0.00666 0.22680 0.49728 0.22755 0.03835 0.00321 0.00015 0.00000 0.00000 ( 5)  0.457 +-  0.081
   7 G   0.01899 0.89274 0.08687 0.00139 0.00001 0.00000 0.00000 0.00000 0.00000 0.00000 0.00000 ( 2)  0.157 +-  0.033
   8 R   0.68612 0.31281 0.00107 0.00000 0.00000 0.00000 0.00000 0.00000 0.00000 0.00000 0.00000 ( 1)  0.081 +-  0.047
   9 T   0.91564 0.08431 0.00006 0.00000 0.00000 0.00000 0.00000 0.00000 0.00000 0.00000 0.00000 ( 1)  0.058 +-  0.028
  10 M   0.05300 0.94084 0.00616 0.00000 0.00000 0.00000 0.00000 0.00000 0.00000 0.00000 0.00000 ( 2)  0.145 +-  0.024
  11 T   0.00229 0.94424 0.05321 0.00026 0.00000 0.00000 0.00000 0.00000 0.00000 0.00000 0.00000 ( 2)  0.155 +-  0.023
  12 R   0.99992 0.00008 0.00000 0.00000 0.00000 0.00000 0.00000 0.00000 0.00000 0.00000 0.00000 ( 1)  0.050 +-  0.001
  13 C   0.99997 0.00003 0.00000 0.00000 0.00000 0.00000 0.00000 0.00000 0.00000 0.00000 0.00000 ( 1)  0.050 +-  0.001
  14 S   0.99570 0.00430 0.00000 0.00000 0.00000 0.00000 0.00000 0.00000 0.00000 0.00000 0.00000 ( 1)  0.050 +-  0.007
  15 L   0.99351 0.00644 0.00005 0.00000 0.00000 0.00000 0.00000 0.00000 0.00000 0.00000 0.00000 ( 1)  0.051 +-  0.008
  16 A   0.99859 0.00141 0.00000 0.00000 0.00000 0.00000 0.00000 0.00000 0.00000 0.00000 0.00000 ( 1)  0.050 +-  0.004
  17 R   0.00013 0.94726 0.05248 0.00013 0.00000 0.00000 0.00000 0.00000 0.00000 0.00000 0.00000 ( 2)  0.155 +-  0.022
  18 E   0.21881 0.76215 0.01892 0.00012 0.00000 0.00000 0.00000 0.00000 0.00000 0.00000 0.00000 ( 2)  0.130 +-  0.045
  19 M   0.99999 0.00001 0.00000 0.00000 0.00000 0.00000 0.00000 0.00000 0.00000 0.00000 0.00000 ( 1)  0.050 +-  0.000
  20 Y   0.00440 0.97605 0.01952 0.00003 0.00000 0.00000 0.00000 0.00000 0.00000 0.00000 0.00000 ( 2)  0.152 +-  0.015
  21 A   0.00001 0.49549 0.48449 0.01981 0.00020 0.00000 0.00000 0.00000 0.00000 0.00000 0.00000 ( 2)  0.202 +-  0.054
  22 L   0.98679 0.01319 0.00003 0.00000 0.00000 0.00000 0.00000 0.00000 0.00000 0.00000 0.00000 ( 1)  0.051 +-  0.011
  23 G   0.99998 0.00002 0.00000 0.00000 0.00000 0.00000 0.00000 0.00000 0.00000 0.00000 0.00000 ( 1)  0.050 +-  0.000
  24 V   0.99983 0.00017 0.00000 0.00000 0.00000 0.00000 0.00000 0.00000 0.00000 0.00000 0.00000 ( 1)  0.050 +-  0.001
  25 P   0.99979 0.00021 0.00000 0.00000 0.00000 0.00000 0.00000 0.00000 0.00000 0.00000 0.00000 ( 1)  0.050 +-  0.001
  26 K   0.99850 0.00150 0.00000 0.00000 0.00000 0.00000 0.00000 0.00000 0.00000 0.00000 0.00000 ( 1)  0.050 +-  0.004
  27 S   0.94934 0.05060 0.00006 0.00000 0.00000 0.00000 0.00000 0.00000 0.00000 0.00000 0.00000 ( 1)  0.055 +-  0.022
  28 E   0.84375 0.15512 0.00113 0.00000 0.00000 0.00000 0.00000 0.00000 0.00000 0.00000 0.00000 ( 1)  0.066 +-  0.037
  29 L   0.99961 0.00039 0.00000 0.00000 0.00000 0.00000 0.00000 0.00000 0.00000 0.00000 0.00000 ( 1)  0.050 +-  0.002
  30 P   0.89310 0.10640 0.00051 0.00000 0.00000 0.00000 0.00000 0.00000 0.00000 0.00000 0.00000 ( 1)  0.061 +-  0.031
  31 Q   0.81637 0.18116 0.00245 0.00001 0.00000 0.00000 0.00000 0.00000 0.00000 0.00000 0.00000 ( 1)  0.069 +-  0.040
  32 W   0.99852 0.00148 0.00001 0.00000 0.00000 0.00000 0.00000 0.00000 0.00000 0.00000 0.00000 ( 1)  0.050 +-  0.004
  33 T   0.99985 0.00015 0.00000 0.00000 0.00000 0.00000 0.00000 0.00000 0.00000 0.00000 0.00000 ( 1)  0.050 +-  0.001
  34 C   0.99999 0.00001 0.00000 0.00000 0.00000 0.00000 0.00000 0.00000 0.00000 0.00000 0.00000 ( 1)  0.050 +-  0.000
  35 I   0.99901 0.00099 0.00000 0.00000 0.00000 0.00000 0.00000 0.00000 0.00000 0.00000 0.00000 ( 1)  0.050 +-  0.003
  36 A   0.99995 0.00005 0.00000 0.00000 0.00000 0.00000 0.00000 0.00000 0.00000 0.00000 0.00000 ( 1)  0.050 +-  0.001
  37 E   0.37997 0.61590 0.00412 0.00001 0.00000 0.00000 0.00000 0.00000 0.00000 0.00000 0.00000 ( 2)  0.112 +-  0.049
  38 H   1.00000 0.00000 0.00000 0.00000 0.00000 0.00000 0.00000 0.00000 0.00000 0.00000 0.00000 ( 1)  0.050 +-  0.000
  39 E   1.00000 0.00000 0.00000 0.00000 0.00000 0.00000 0.00000 0.00000 0.00000 0.00000 0.00000 ( 1)  0.050 +-  0.000
  40 S   0.99998 0.00002 0.00000 0.00000 0.00000 0.00000 0.00000 0.00000 0.00000 0.00000 0.00000 ( 1)  0.050 +-  0.000
  41 S   0.00000 0.00407 0.36732 0.50939 0.11003 0.00878 0.00038 0.00001 0.00000 0.00000 0.00000 ( 4)  0.325 +-  0.069
  42 Y   0.99968 0.00032 0.00000 0.00000 0.00000 0.00000 0.00000 0.00000 0.00000 0.00000 0.00000 ( 1)  0.050 +-  0.002
  43 R   0.21057 0.77831 0.01110 0.00003 0.00000 0.00000 0.00000 0.00000 0.00000 0.00000 0.00000 ( 2)  0.130 +-  0.043
  44 T   1.00000 0.00000 0.00000 0.00000 0.00000 0.00000 0.00000 0.00000 0.00000 0.00000 0.00000 ( 1)  0.050 +-  0.000
  45 N   0.00000 0.00033 0.19489 0.61369 0.17675 0.01384 0.00050 0.00001 0.00000 0.00000 0.00000 ( 4)  0.351 +-  0.066
  46 V   0.06508 0.92463 0.01028 0.00002 0.00000 0.00000 0.00000 0.00000 0.00000 0.00000 0.00000 ( 2)  0.145 +-  0.027
  47 V   0.98279 0.01720 0.00001 0.00000 0.00000 0.00000 0.00000 0.00000 0.00000 0.00000 0.00000 ( 1)  0.052 +-  0.013
  48 G   0.94097 0.05889 0.00014 0.00000 0.00000 0.00000 0.00000 0.00000 0.00000 0.00000 0.00000 ( 1)  0.056 +-  0.024
  49 P   0.08940 0.88262 0.02782 0.00015 0.00000 0.00000 0.00000 0.00000 0.00000 0.00000 0.00000 ( 2)  0.144 +-  0.034
  50 T   0.00004 0.54216 0.43754 0.02000 0.00026 0.00000 0.00000 0.00000 0.00000 0.00000 0.00000 ( 2)  0.198 +-  0.054
  51 N   1.00000 0.00000 0.00000 0.00000 0.00000 0.00000 0.00000 0.00000 0.00000 0.00000 0.00000 ( 1)  0.050 +-  0.000
  52 S   0.00000 0.21995 0.69925 0.07869 0.00208 0.00003 0.00000 0.00000 0.00000 0.00000 0.00000 ( 3)  0.236 +-  0.054
  53 N   0.99955 0.00045 0.00000 0.00000 0.00000 0.00000 0.00000 0.00000 0.00000 0.00000 0.00000 ( 1)  0.050 +-  0.002
  54 G   0.99997 0.00003 0.00000 0.00000 0.00000 0.00000 0.00000 0.00000 0.00000 0.00000 0.00000 ( 1)  0.050 +-  0.001
  55 S   0.99945 0.00055 0.00000 0.00000 0.00000 0.00000 0.00000 0.00000 0.00000 0.00000 0.00000 ( 1)  0.050 +-  0.002
  56 N   0.03142 0.95094 0.01760 0.00004 0.00000 0.00000 0.00000 0.00000 0.00000 0.00000 0.00000 ( 2)  0.149 +-  0.022
  57 D   1.00000 0.00000 0.00000 0.00000 0.00000 0.00000 0.00000 0.00000 0.00000 0.00000 0.00000 ( 1)  0.050 +-  0.000
  58 Y   1.00000 0.00000 0.00000 0.00000 0.00000 0.00000 0.00000 0.00000 0.00000 0.00000 0.00000 ( 1)  0.050 +-  0.000
  59 G   0.99999 0.00001 0.00000 0.00000 0.00000 0.00000 0.00000 0.00000 0.00000 0.00000 0.00000 ( 1)  0.050 +-  0.000
  60 I   0.99951 0.00049 0.00000 0.00000 0.00000 0.00000 0.00000 0.00000 0.00000 0.00000 0.00000 ( 1)  0.050 +-  0.002
  61 F   1.00000 0.00000 0.00000 0.00000 0.00000 0.00000 0.00000 0.00000 0.00000 0.00000 0.00000 ( 1)  0.050 +-  0.000
  62 Q   0.99943 0.00057 0.00000 0.00000 0.00000 0.00000 0.00000 0.00000 0.00000 0.00000 0.00000 ( 1)  0.050 +-  0.002
  63 I   1.00000 0.00000 0.00000 0.00000 0.00000 0.00000 0.00000 0.00000 0.00000 0.00000 0.00000 ( 1)  0.050 +-  0.000
  64 N   1.00000 0.00000 0.00000 0.00000 0.00000 0.00000 0.00000 0.00000 0.00000 0.00000 0.00000 ( 1)  0.050 +-  0.000
  65 N   0.37283 0.62447 0.00270 0.00000 0.00000 0.00000 0.00000 0.00000 0.00000 0.00000 0.00000 ( 2)  0.113 +-  0.049
  66 Y   0.00000 0.04215 0.67081 0.26622 0.02018 0.00063 0.00001 0.00000 0.00000 0.00000 0.00000 ( 3)  0.277 +-  0.057
  67 Y   0.99999 0.00001 0.00000 0.00000 0.00000 0.00000 0.00000 0.00000 0.00000 0.00000 0.00000 ( 1)  0.050 +-  0.000
  68 W   0.99852 0.00148 0.00001 0.00000 0.00000 0.00000 0.00000 0.00000 0.00000 0.00000 0.00000 ( 1)  0.050 +-  0.004
  69 C   0.99999 0.00001 0.00000 0.00000 0.00000 0.00000 0.00000 0.00000 0.00000 0.00000 0.00000 ( 1)  0.050 +-  0.000
  70 Q   0.13573 0.77941 0.08239 0.00242 0.00004 0.00000 0.00000 0.00000 0.00000 0.00000 0.00000 ( 2)  0.145 +-  0.048
  71 P   0.99994 0.00006 0.00000 0.00000 0.00000 0.00000 0.00000 0.00000 0.00000 0.00000 0.00000 ( 1)  0.050 +-  0.001
  72 A   0.00000 0.21958 0.66781 0.10787 0.00464 0.00010 0.00000 0.00000 0.00000 0.00000 0.00000 ( 3)  0.240 +-  0.058
  73 N   0.00292 0.93722 0.05953 0.00032 0.00000 0.00000 0.00000 0.00000 0.00000 0.00000 0.00000 ( 2)  0.156 +-  0.025
  74 G   0.67226 0.32589 0.00185 0.00000 0.00000 0.00000 0.00000 0.00000 0.00000 0.00000 0.00000 ( 1)  0.083 +-  0.047
  75 R   0.00154 0.76866 0.22336 0.00638 0.00006 0.00000 0.00000 0.00000 0.00000 0.00000 0.00000 ( 2)  0.173 +-  0.044
  76 F   0.46880 0.52899 0.00220 0.00000 0.00000 0.00000 0.00000 0.00000 0.00000 0.00000 0.00000 ( 2)  0.103 +-  0.050
  77 S   0.99860 0.00140 0.00000 0.00000 0.00000 0.00000 0.00000 0.00000 0.00000 0.00000 0.00000 ( 1)  0.050 +-  0.004
  78 Y   0.15826 0.83301 0.00872 0.00002 0.00000 0.00000 0.00000 0.00000 0.00000 0.00000 0.00000 ( 2)  0.135 +-  0.038
  79 N   0.99912 0.00088 0.00000 0.00000 0.00000 0.00000 0.00000 0.00000 0.00000 0.00000 0.00000 ( 1)  0.050 +-  0.003
  80 E   0.00069 0.87560 0.12251 0.00120 0.00000 0.00000 0.00000 0.00000 0.00000 0.00000 0.00000 ( 2)  0.162 +-  0.034
  81 C   1.00000 0.00000 0.00000 0.00000 0.00000 0.00000 0.00000 0.00000 0.00000 0.00000 0.00000 ( 1)  0.050 +-  0.000
  82 K   0.00000 0.09514 0.76535 0.13504 0.00441 0.00006 0.00000 0.00000 0.00000 0.00000 0.00000 ( 3)  0.255 +-  0.050
  83 L   0.01462 0.92056 0.06418 0.00064 0.00000 0.00000 0.00000 0.00000 0.00000 0.00000 0.00000 ( 2)  0.155 +-  0.028
  84 S   0.00001 0.64457 0.34817 0.00720 0.00004 0.00000 0.00000 0.00000 0.00000 0.00000 0.00000 ( 2)  0.186 +-  0.050
  85 C   0.99999 0.00001 0.00000 0.00000 0.00000 0.00000 0.00000 0.00000 0.00000 0.00000 0.00000 ( 1)  0.050 +-  0.000
  86 N   0.00002 0.68172 0.31250 0.00574 0.00003 0.00000 0.00000 0.00000 0.00000 0.00000 0.00000 ( 2)  0.182 +-  0.048
  87 N   0.00000 0.22153 0.68377 0.09152 0.00312 0.00005 0.00000 0.00000 0.00000 0.00000 0.00000 ( 3)  0.238 +-  0.056
  88 L   0.99902 0.00098 0.00000 0.00000 0.00000 0.00000 0.00000 0.00000 0.00000 0.00000 0.00000 ( 1)  0.050 +-  0.003
  89 L   0.99986 0.00014 0.00000 0.00000 0.00000 0.00000 0.00000 0.00000 0.00000 0.00000 0.00000 ( 1)  0.050 +-  0.001
  90 T   0.07095 0.91904 0.00999 0.00002 0.00000 0.00000 0.00000 0.00000 0.00000 0.00000 0.00000 ( 2)  0.144 +-  0.028
  91 D   1.00000 0.00000 0.00000 0.00000 0.00000 0.00000 0.00000 0.00000 0.00000 0.00000 0.00000 ( 1)  0.050 +-  0.000
  92 S   0.71350 0.28600 0.00050 0.00000 0.00000 0.00000 0.00000 0.00000 0.00000 0.00000 0.00000 ( 1)  0.079 +-  0.045
  93 I   0.99999 0.00001 0.00000 0.00000 0.00000 0.00000 0.00000 0.00000 0.00000 0.00000 0.00000 ( 1)  0.050 +-  0.000
  94 N   0.00000 0.05657 0.84867 0.09351 0.00125 0.00001 0.00000 0.00000 0.00000 0.00000 0.00000 ( 3)  0.254 +-  0.039
  95 D   0.00001 0.41397 0.55331 0.03223 0.00048 0.00000 0.00000 0.00000 0.00000 0.00000 0.00000 ( 3)  0.212 +-  0.055
  96 S   0.98882 0.01117 0.00002 0.00000 0.00000 0.00000 0.00000 0.00000 0.00000 0.00000 0.00000 ( 1)  0.051 +-  0.011
  97 V   0.99990 0.00010 0.00000 0.00000 0.00000 0.00000 0.00000 0.00000 0.00000 0.00000 0.00000 ( 1)  0.050 +-  0.001
  98 T   0.00000 0.00103 0.23971 0.57014 0.17139 0.01686 0.00084 0.00003 0.00000 0.00000 0.00000 ( 4)  0.347 +-  0.070
  99 C   0.99999 0.00001 0.00000 0.00000 0.00000 0.00000 0.00000 0.00000 0.00000 0.00000 0.00000 ( 1)  0.050 +-  0.000
 100 A   0.99973 0.00027 0.00000 0.00000 0.00000 0.00000 0.00000 0.00000 0.00000 0.00000 0.00000 ( 1)  0.050 +-  0.002
 101 R   0.62379 0.37252 0.00368 0.00001 0.00000 0.00000 0.00000 0.00000 0.00000 0.00000 0.00000 ( 1)  0.088 +-  0.049
 102 K   0.00010 0.39265 0.53703 0.06723 0.00291 0.00007 0.00000 0.00000 0.00000 0.00000 0.00000 ( 3)  0.218 +-  0.061
 103 I   0.11704 0.87469 0.00826 0.00001 0.00000 0.00000 0.00000 0.00000 0.00000 0.00000 0.00000 ( 2)  0.139 +-  0.034
 104 K   0.98520 0.01471 0.00009 0.00000 0.00000 0.00000 0.00000 0.00000 0.00000 0.00000 0.00000 ( 1)  0.051 +-  0.012
 105 S   0.00000 0.00760 0.61138 0.35861 0.02201 0.00039 0.00000 0.00000 0.00000 0.00000 0.00000 ( 3)  0.290 +-  0.055
 106 Q   0.03333 0.77501 0.18148 0.00990 0.00028 0.00001 0.00000 0.00000 0.00000 0.00000 0.00000 ( 2)  0.167 +-  0.048
 107 Q   0.81274 0.18455 0.00270 0.00002 0.00000 0.00000 0.00000 0.00000 0.00000 0.00000 0.00000 ( 1)  0.069 +-  0.040
 108 G   0.99997 0.00003 0.00000 0.00000 0.00000 0.00000 0.00000 0.00000 0.00000 0.00000 0.00000 ( 1)  0.050 +-  0.001
 109 W   0.53315 0.43095 0.03464 0.00123 0.00003 0.00000 0.00000 0.00000 0.00000 0.00000 0.00000 ( 1)  0.100 +-  0.057
 110 T   0.00000 0.00000 0.00489 0.22305 0.51463 0.22173 0.03322 0.00238 0.00009 0.00000 0.00000 ( 5)  0.456 +-  0.079
 111 A   0.99971 0.00029 0.00000 0.00000 0.00000 0.00000 0.00000 0.00000 0.00000 0.00000 0.00000 ( 1)  0.050 +-  0.002
 112 W   0.99852 0.00148 0.00001 0.00000 0.00000 0.00000 0.00000 0.00000 0.00000 0.00000 0.00000 ( 1)  0.050 +-  0.004
 113 S   0.07962 0.88494 0.03518 0.00026 0.00000 0.00000 0.00000 0.00000 0.00000 0.00000 0.00000 ( 2)  0.146 +-  0.034
 114 T   0.88604 0.11380 0.00017 0.00000 0.00000 0.00000 0.00000 0.00000 0.00000 0.00000 0.00000 ( 1)  0.061 +-  0.032
 115 W   0.98599 0.01381 0.00020 0.00000 0.00000 0.00000 0.00000 0.00000 0.00000 0.00000 0.00000 ( 1)  0.051 +-  0.012
 116 K   0.07861 0.90188 0.01944 0.00007 0.00000 0.00000 0.00000 0.00000 0.00000 0.00000 0.00000 ( 2)  0.144 +-  0.031
 117 Y   0.03147 0.94526 0.02319 0.00009 0.00000 0.00000 0.00000 0.00000 0.00000 0.00000 0.00000 ( 2)  0.149 +-  0.023
 118 C   1.00000 0.00000 0.00000 0.00000 0.00000 0.00000 0.00000 0.00000 0.00000 0.00000 0.00000 ( 1)  0.050 +-  0.000
 119 S   0.00060 0.96645 0.03290 0.00005 0.00000 0.00000 0.00000 0.00000 0.00000 0.00000 0.00000 ( 2)  0.153 +-  0.018
 120 G   0.96230 0.03760 0.00010 0.00000 0.00000 0.00000 0.00000 0.00000 0.00000 0.00000 0.00000 ( 1)  0.054 +-  0.019
 121 S   0.00000 0.00040 0.29213 0.61582 0.08866 0.00294 0.00004 0.00000 0.00000 0.00000 0.00000 ( 4)  0.330 +-  0.060
 122 L   0.99925 0.00075 0.00000 0.00000 0.00000 0.00000 0.00000 0.00000 0.00000 0.00000 0.00000 ( 1)  0.050 +-  0.003
 123 P   0.59866 0.39849 0.00284 0.00001 0.00000 0.00000 0.00000 0.00000 0.00000 0.00000 0.00000 ( 1)  0.090 +-  0.050
 124 S   1.00000 0.00000 0.00000 0.00000 0.00000 0.00000 0.00000 0.00000 0.00000 0.00000 0.00000 ( 1)  0.050 +-  0.000
 125 I   0.99995 0.00005 0.00000 0.00000 0.00000 0.00000 0.00000 0.00000 0.00000 0.00000 0.00000 ( 1)  0.050 +-  0.001
 126 N   0.00884 0.96564 0.02545 0.00007 0.00000 0.00000 0.00000 0.00000 0.00000 0.00000 0.00000 ( 2)  0.152 +-  0.019
 127 D   0.04066 0.95076 0.00857 0.00001 0.00000 0.00000 0.00000 0.00000 0.00000 0.00000 0.00000 ( 2)  0.147 +-  0.022
 128 C   0.99999 0.00001 0.00000 0.00000 0.00000 0.00000 0.00000 0.00000 0.00000 0.00000 0.00000 ( 1)  0.050 +-  0.000
 129 F   1.00000 0.00000 0.00000 0.00000 0.00000 0.00000 0.00000 0.00000 0.00000 0.00000 0.00000 ( 1)  0.050 +-  0.000

Positively selected sites

	Prob(w>1)  mean w

